{"line": [[[-0.11420345111446073, 0.0, 0.0], [1.085796596569255, 0.0, 0.0]], [[0.9629868856859295, -0.09803370432368719, 0.047877807368326475], [0.9647431021530031, 1.0982785010074232, -0.046112285303488876]], [[1.0994718844364482, 0.9571028776717794, 0.009542176901617072], [-0.09718998810410417, 1.0012186530430065, -0.06826704884992951]], [[0.01145580350562836, 1.101550390041019, -0.02464066497137063], [-0.09239140615592123, -0.09388420186201474, -0.036969816120482]], [[-0.13661704688998355, -0.022190635247466006, 0.9659102017472628], [1.061942083781642, -0.06429203841772146, 0.924878548408735]], [[0.989582628039577, -0.1018925164501604, 0.9648858614431046], [0.9720880214402838, 1.097185153711112, 0.921219007864312]], [[1.101335879810602, 0.9627764350641765, 0.9637917679101561], [-0.09834262190585785, 0.939210669515874, 0.949085930484403]], [[-0.015354633411174268, 1.1031453383170118, 0.9981364054907679], [-0.07107601100582472, -0.0922888646891995, 0.9096360732723028]], [[-0.03519354915708428, -0.04122296228591682, -0.10230377753334274], [-0.11405067839601402, 0.01929491346687423, 1.0935721584748557]], [[1.007757706555856, -0.0293410673279334, -0.1037416700960716], [0.9376302134501429, -0.10693998860108977, 1.0916915804741434]], [[0.9999828533299833, 1.0172519687309631, -0.10079280822235026], [1.0122833077029898, 0.913393160878895, 1.0946410717119122]], [[-0.035177318921364886, 0.9624645767044182, -0.10040328626241057], [-0.059550232168873785, 0.9779781362687681, 1.099248915423725]]], "adj": [[0, 3], [0, 8], [0, 9], [1, 9], [1, 2], [1, 10], [2, 3], [2, 11], [3, 11], [4, 8], [7, 8], [4, 5], [4, 9], [5, 6], [5, 10], [6, 10], [6, 7], [6, 11], [7, 11]], "coupler_contact_pts": [[[-0.08420344912593203, 0.0, 0.0], [-0.08420344912593203, 0.0003712634756245503, -0.035997709501978004]], [[-0.04205952841255722, 0.0, 0.0], [-0.04205952841255722, -0.03595375601992423, 0.0018194570809099697]], [[1.0018087239026876, 0.0, 0.0], [1.0018087239026876, -0.03592385841477164, -0.0023319182895625845]], [[0.9630733526652628, -0.03913350342358313, 0.043250223267521426], [0.9990106426473919, -0.03902004904457601, 0.04536577090824345]], [[0.9645391395018131, 0.9593417505413748, -0.03519650763806714], [0.9623138993570897, 0.9621593025474922, 0.0006239044392299387]], [[0.9646164841251086, 1.0120279191315649, -0.039335876814647786], [1.0006113316631677, 1.0119454159430723, -0.0397134147698468]], [[0.004741019250418033, 0.9974608952945556, -0.06163930132631834], [0.002399054256263522, 0.9972938445048583, -0.025715918035742247]], [[-0.0345672640614495, 0.9989100226016145, -0.06419520049909422], [-0.03592183755914169, 0.9629384689353808, -0.06375754703808378]], [[-0.0008152213826860821, 0.9602927897896225, -0.026097529542846498], [-0.03667134230058111, 0.9634155348622975, -0.026866388229486504]], [[-0.1066530296045578, -0.02324317169731749, 0.9648844090780297], [-0.10545019995231941, 0.012694588412013874, 0.9631450771413625]], [[-0.06638339120555692, 0.008385570385839425, 0.9170891986117331], [-0.10225108772443725, 0.01023947144041315, 0.9146302330576753]], [[0.9876991429091591, -0.0616841303836253, 0.9274201924000542], [0.9889766108257589, -0.06035618897126971, 0.9633732315481808]], [[0.9486730582187008, -0.060313273590945515, 0.9287562172462224], [0.9473297673814324, -0.09620703796268248, 0.9263474512082728]], [[0.9741046642511144, 0.9589647627904155, 0.9262525846893443], [0.97363809118458, 0.9602680162307208, 0.962226429432826]], [[0.9745646422428376, 0.9274379413377293, 0.927400698052171], [1.0105591306027568, 0.9279512392007014, 0.9270749267450613]], [[1.010150692843352, 0.960985247896553, 0.962674006332151], [1.0108932967562136, 0.9251297094205745, 0.9595512507291716]], [[-0.022661449615465235, 0.9406973051103805, 0.9500136415455753], [-0.023049676167483324, 0.9380575802323996, 0.9859146358618343]], [[-0.05579917856143357, 0.9400463674216359, 0.9496074343376935], [-0.05650027352814524, 0.9760368125311726, 0.9491277722823518]], [[-0.021336741296628214, 0.9748065089297183, 0.9886352309311461], [-0.05728763849245522, 0.9765379768010595, 0.9878824383074085]]], "radius": 0.01, "half_couplers": [{"pose": [[0.0, -0.010312982044962912, 0.9999468197866026, 0.0], [0.0, -0.9999468197866026, -0.010312982044962912, 0.0], [1.0, 0.0, 0.0, 0.0], [-0.08420344912593203, 0.0, 0.0, 1.0]], "at_element": 0, "to_element": 3}, {"pose": [[0.0, 0.010312982044962912, -0.9999468197866026, 0.0], [0.9962484343716141, -0.08653473576540109, -0.0008924786384186352, 0.0], [-0.08653933794586033, -0.9961954536672775, -0.010274292215995785, 0.0], [-0.08420344912593203, 0.0003712634756245503, -0.035997709501978004, 1.0]], "at_element": 3, "to_element": 0}, {"pose": [[0.0, 0.9987219968169688, -0.050540806027670415, 0.0], [-0.0, 0.050540806027670415, 0.9987219968169688, 0.0], [1.0, 0.0, 0.0, 0.0], [-0.04205952841255722, 0.0, 0.0, 1.0]], "at_element": 0, "to_element": 8}, {"pose": [[0.0, -0.9987219968169688, 0.050540806027670415, 0.0], [0.997838481162043, 0.0033212522619950296, 0.06563028870605137, 0.0], [-0.06571427175452423, 0.050431561123355687, 0.9965632404069669, 0.0], [-0.04205952841255722, -0.03595375601992423, 0.0018194570809099697, 1.0]], "at_element": 8, "to_element": 0}, {"pose": [[0.0, 0.9978997989449993, 0.0647764715427621, 0.0], [0.0, -0.0647764715427621, 0.9978997989449993, 0.0], [1.0, 0.0, 0.0, 0.0], [1.0018087239026876, 0.0, 0.0, 1.0]], "at_element": 0, "to_element": 9}, {"pose": [[0.0, -0.9978997989449993, -0.0647764715427621, 0.0], [0.9982909475913021, -0.0037855094841835993, 0.058316840408286996, 0.0], [-0.05843957526591426, -0.06466576515804369, 0.996194335889973, 0.0], [1.0018087239026876, -0.03592385841477164, -0.0023319182895625845, 1.0]], "at_element": 9, "to_element": 0}, {"pose": [[-0.9982668265293968, -0.003151538219593583, -0.05876572859905483, 0.0], [-0.058831974118513354, 0.07827532762041982, 0.9951943387636581, 0.0], [0.001463513664406508, 0.9969267981616136, -0.07832507411415397, 0.0], [0.9630733526652628, -0.03913350342358313, 0.043250223267521426, 1.0]], "at_element": 1, "to_element": 9}, {"pose": [[0.9982668265293968, 0.003151538219593583, 0.05876572859905483, 0.0], [-0.006939675328627709, 0.9979020025149641, 0.06436951361442816, 0.0], [-0.05843957526591426, -0.06466576515804369, 0.996194335889973, 0.0], [0.9990106426473919, -0.03902004904457601, 0.04536577090824345, 1.0]], "at_element": 9, "to_element": 1}, {"pose": [[0.06181241190885789, -0.07826556859030415, -0.995014435326064, 0.0], [-0.9980867115946208, -0.0033852445215544875, -0.06173699262002894, 0.0], [0.001463513664406508, 0.9969267981616136, -0.07832507411415397, 0.0], [0.9645391395018131, 0.9593417505413748, -0.03519650763806714, 1.0]], "at_element": 1, "to_element": 2}, {"pose": [[-0.06181241190885789, 0.07826556859030415, 0.995014435326064, 0.0], [0.04165467885728274, 0.9962544714912638, -0.07577542981045447, 0.0], [-0.9972181874912361, 0.03676314468185314, -0.06484101888307153, 0.0], [0.9623138993570897, 0.9621593025474922, 0.0006239044392299387, 1.0]], "at_element": 2, "to_element": 1}, {"pose": [[-0.9999423720954076, 0.002291951199944984, 0.010488062161635368, 0.0], [0.010635347477320834, 0.07830521098196902, 0.9968727016611028, 0.0], [0.001463513664406508, 0.9969267981616136, -0.07832507411415397, 0.0], [0.9646164841251086, 1.0120279191315649, -0.039335876814647786, 1.0]], "at_element": 1, "to_element": 10}, {"pose": [[0.9999423720954076, -0.002291951199944984, -0.010488062161635368, 0.0], [0.0031909613301659683, 0.9962449583417518, 0.08652052209984841, 0.0], [0.010250378236858674, -0.08654900310424174, 0.9961948603599916, 0.0], [1.0006113316631677, 1.0119454159430723, -0.0397134147698468, 1.0]], "at_element": 10, "to_element": 1}, {"pose": [[0.06505452863154798, 0.004640295823556172, -0.9978709214919518, 0.0], [-0.0363839915515045, -0.9993132335998414, -0.007018996438881195, 0.0], [-0.9972181874912361, 0.03676314468185314, -0.06484101888307153, 0.0], [0.004741019250418033, 0.9974608952945556, -0.06163930132631834, 1.0]], "at_element": 2, "to_element": 3}, {"pose": [[-0.06505452863154798, -0.004640295823556172, 0.9978709214919518, 0.0], [-0.994122151092319, 0.08702347813847346, -0.06440545753477234, 0.0], [-0.08653933794586033, -0.9961954536672775, -0.010274292215995785, 0.0], [0.002399054256263522, 0.9972938445048583, -0.025715918035742247, 1.0]], "at_element": 3, "to_element": 2}, {"pose": [[0.03762734524898148, 0.9992178875842811, -0.012157138689711283, 0.0], [0.06434337126858801, -0.014563115213042528, -0.9978215503030009, 0.0], [-0.9972181874912361, 0.03676314468185314, -0.06484101888307153, 0.0], [-0.0345672640614495, 0.9989100226016145, -0.06419520049909422, 1.0]], "at_element": 2, "to_element": 11}, {"pose": [[-0.03762734524898148, -0.9992178875842811, 0.012157138689711283, 0.0], [0.9990854097164521, -0.037369517419171064, 0.02078131996690721, 0.0], [-0.020310760232513648, 0.012927965789913674, 0.9997101283468683, 0.0], [-0.03592183755914169, 0.9629384689353808, -0.06375754703808378, 1.0]], "at_element": 11, "to_element": 2}, {"pose": [[0.9960017880739532, -0.08674278188667983, 0.021357152058449538, 0.0], [-0.0221671184726403, -0.00838497961877881, 0.9997191160398068, 0.0], [-0.08653933794586033, -0.9961954536672775, -0.010274292215995785, 0.0], [-0.0008152213826860821, 0.9602927897896225, -0.026097529542846498, 1.0]], "at_element": 3, "to_element": 11}, {"pose": [[-0.9960017880739532, 0.08674278188667983, -0.021357152058449538, 0.0], [-0.08699374214427873, -0.9961468553838306, 0.011114465198111335, 0.0], [-0.020310760232513648, 0.012927965789913674, 0.9997101283468683, 0.0], [-0.03667134230058111, 0.9634155348622975, -0.026866388229486504, 1.0]], "at_element": 11, "to_element": 3}, {"pose": [[-0.03341200340754245, -0.9982731644484296, 0.048314875249894515, 0.0], [-0.035829100628629124, -0.04711440240855653, -0.9982467173168303, 0.0], [0.9987992358709721, -0.03508450124774672, -0.03419304309006377, 0.0], [-0.1066530296045578, -0.02324317169731749, 0.9648844090780297, 1.0]], "at_element": 4, "to_element": 8}, {"pose": [[0.03341200340754245, 0.9982731644484296, -0.048314875249894515, 0.0], [-0.9972789341583762, 0.030122197542351615, -0.0672858135059142, 0.0], [-0.06571427175452423, 0.050431561123355687, 0.9965632404069669, 0.0], [-0.10545019995231941, 0.012694588412013874, 0.9631450771413625, 1.0]], "at_element": 8, "to_element": 4}, {"pose": [[0.9963344691251419, -0.051497745946605715, 0.06830525452365033, 0.0], [-0.07184333475136326, -0.0703082210722624, 0.9949348166093384, 0.0], [-0.046434479483734956, -0.996195129586605, -0.07375027391814834, 0.0], [-0.06638339120555692, 0.008385570385839425, 0.9170891986117331, 1.0]], "at_element": 7, "to_element": 8}, {"pose": [[-0.9963344691251419, 0.051497745946605715, -0.06830525452365033, 0.0], [-0.054765501192759976, -0.9973989371385357, 0.04686256580711004, 0.0], [-0.06571427175452423, 0.050431561123355687, 0.9965632404069669, 0.0], [-0.10225108772443725, 0.01023947144041315, 0.9146302330576753, 1.0]], "at_element": 8, "to_element": 7}, {"pose": [[-0.035484995706536314, -0.036887028397073314, -0.9986892220384379, 0.0], [0.033777233505273244, 0.9987033718318117, -0.038087709152689934, 0.0], [0.9987992358709721, -0.03508450124774672, -0.03419304309006377, 0.0], [0.9876991429091591, -0.0616841303836253, 0.9274201924000542, 1.0]], "at_element": 4, "to_element": 5}, {"pose": [[0.035484995706536314, 0.036887028397073314, 0.9986892220384379, 0.0], [0.9992638653303176, 0.013268463591721277, -0.03599549025958444, 0.0], [-0.014578838253433299, 0.9992313520951737, -0.0363890432030232, 0.0], [0.9889766108257589, -0.06035618897126971, 0.9633732315481808, 1.0]], "at_element": 5, "to_element": 4}, {"pose": [[0.03731408201250574, 0.997060971716332, 0.06691097042823485, 0.0], [0.03174501074384004, -0.06810650814922596, 0.9971728826239676, 0.0], [0.9987992358709721, -0.03508450124774672, -0.03419304309006377, 0.0], [0.9486730582187008, -0.060313273590945515, 0.9287562172462224, 1.0]], "at_element": 4, "to_element": 9}, {"pose": [[-0.03731408201250574, -0.997060971716332, -0.06691097042823485, 0.0], [0.9975933416609716, -0.041082325842248336, 0.05585487603681352, 0.0], [-0.05843957526591426, -0.06466576515804369, 0.996194335889973, 0.0], [0.9473297673814324, -0.09620703796268248, 0.9263474512082728, 1.0]], "at_element": 9, "to_element": 4}, {"pose": [[0.012960194629933518, -0.03620101426759171, -0.9992604865204827, 0.0], [-0.9998097273133196, -0.015039666088337423, -0.012422464071867628, 0.0], [-0.014578838253433299, 0.9992313520951737, -0.0363890432030232, 0.0], [0.9741046642511144, 0.9589647627904155, 0.9262525846893443, 1.0]], "at_element": 5, "to_element": 6}, {"pose": [[-0.012960194629933518, 0.03620101426759171, 0.9992604865204827, 0.0], [-0.019179976001654483, 0.9991515551377739, -0.03644582810616457, 0.0], [-0.9997320450379343, -0.019638137176569363, -0.012254864034496325, 0.0], [0.97363809118458, 0.9602680162307208, 0.962226429432826, 1.0]], "at_element": 6, "to_element": 5}, {"pose": [[-0.9998573936127151, -0.014258423631041541, 0.00904929795871638, 0.0], [0.008523491841283287, 0.036515782144282506, 0.9992967265738554, 0.0], [-0.014578838253433299, 0.9992313520951737, -0.0363890432030232, 0.0], [0.9745646422428376, 0.9274379413377293, 0.927400698052171, 1.0]], "at_element": 5, "to_element": 10}, {"pose": [[0.9998573936127151, 0.014258423631041541, -0.00904929795871638, 0.0], [-0.01342096062095888, 0.9961455553367787, 0.08668281489886548, 0.0], [0.010250378236858674, -0.08654900310424174, 0.9961948603599916, 0.0], [1.0105591306027568, 0.9279512392007014, 0.9270749267450613, 1.0]], "at_element": 10, "to_element": 5}, {"pose": [[-0.02062850165154901, 0.9960168831033523, 0.08674579812702876, 0.0], [0.010502525595384818, 0.08697535364295739, -0.9961551007824039, 0.0], [-0.9997320450379343, -0.019638137176569363, -0.012254864034496325, 0.0], [1.010150692843352, 0.960985247896553, 0.962674006332151, 1.0]], "at_element": 6, "to_element": 10}, {"pose": [[0.02062850165154901, -0.9960168831033523, -0.08674579812702876, 0.0], [0.9997346621307144, 0.021439184563460955, -0.008424173528630641, 0.0], [0.010250378236858674, -0.08654900310424174, 0.9961948603599916, 0.0], [1.0108932967562136, 0.9251297094205745, 0.9595512507291716, 1.0]], "at_element": 10, "to_element": 6}, {"pose": [[0.01078406980689391, 0.07332568369464419, -0.9972497420150648, 0.0], [0.020482723516904597, -0.9971146813074951, -0.07309425667166188, 0.0], [-0.9997320450379343, -0.019638137176569363, -0.012254864034496325, 0.0], [-0.022661449615465235, 0.9406973051103805, 0.9500136415455753, 1.0]], "at_element": 6, "to_element": 7}, {"pose": [[-0.01078406980689391, -0.07332568369464419, 0.9972497420150648, 0.0], [-0.9988631252346215, 0.04710210078796936, -0.0073381978635998785, 0.0], [-0.046434479483734956, -0.996195129586605, -0.07375027391814834, 0.0], [-0.023049676167483324, 0.9380575802323996, 0.9859146358618343, 1.0]], "at_element": 7, "to_element": 6}, {"pose": [[0.019474606619825127, -0.9997215696299335, 0.013323772501247224, 0.0], [-0.012513105980256982, 0.01308154367404082, 0.999836134270927, 0.0], [-0.9997320450379343, -0.019638137176569363, -0.012254864034496325, 0.0], [-0.05579917856143357, 0.9400463674216359, 0.9496074343376935, 1.0]], "at_element": 6, "to_element": 11}, {"pose": [[-0.019474606619825127, 0.9997215696299335, -0.013323772501247224, 0.0], [-0.9996040279609623, -0.01973957743207554, -0.02005333805187265, 0.0], [-0.020310760232513648, 0.012927965789913674, 0.9997101283468683, 0.0], [-0.05650027352814524, 0.9760368125311726, 0.9491277722823518, 1.0]], "at_element": 11, "to_element": 6}, {"pose": [[0.9986238252279792, -0.04809574179803088, 0.020910650586142485, 0.0], [-0.024378162402303744, -0.07267780547611878, 0.9970574917170336, 0.0], [-0.046434479483734956, -0.996195129586605, -0.07375027391814834, 0.0], [-0.021336741296628214, 0.9748065089297183, 0.9886352309311461, 1.0]], "at_element": 7, "to_element": 11}, {"pose": [[-0.9986238252279792, 0.04809574179803088, -0.020910650586142485, 0.0], [-0.04835213238126978, -0.9987590636992647, 0.011933313569675356, 0.0], [-0.020310760232513648, 0.012927965789913674, 0.9997101283468683, 0.0], [-0.05728763849245522, 0.9765379768010595, 0.9878824383074085, 1.0]], "at_element": 11, "to_element": 7}]}