{"line": [[[-0.10000000000000009, 0.0, 0.0], [1.1, 0.0, 0.0]], [[0.8700856987006848, -0.011502821253093432, -0.03419113328844703], [2.0666044499901446, 0.07673860492507167, -0.05777775065414592]], [[-0.10144147009334259, 1.0041617303710357, -0.010986243091767767], [1.0966464551502177, 0.9782830209656167, -0.07356112451467367]], [[0.8665081982167566, 0.965466951843464, -0.0301892109160542], [2.065716962335157, 0.9866602239752135, -0.06825737711786961]], [[-0.10212928860175485, -0.02692477549211114, 0.9633315637343314], [1.095990180334232, 0.0024644549621953837, 0.9029493536898843]], [[0.8986111681503107, 0.0013669514643099845, 0.9921859042955367], [2.0958541116799974, -0.0785224185641813, 0.9771186309913781]], [[-0.10013592997369414, 1.0148606473253345, 0.9596728273903057], [1.096509439711507, 0.9261716729375802, 0.9728684718617611]], [[0.9005798847456487, 1.0332115271283673, 1.0479673085017718], [2.0968820344225003, 1.070410160096545, 0.9614951836068515]], [[0.9891367722968517, -0.10090525860950272, 0.038403751099214345], [0.9194295220940107, 1.0967315067302792, 0.009994640313718994]], [[2.016876746226945, -0.10097218502096572, -0.019128401270332107], [1.9127181134162685, 1.0944616697474812, -0.02855591867749352]], [[0.9904691097936663, 0.9017880060604513, 0.047310901346423684], [1.035796788893613, 2.097765742637761, -0.03976754098477597]], [[1.99128806657963, 0.8993765891162195, 0.004858127238159815], [2.0258087210704745, 2.0971023302653515, -0.060421068546459455]], [[1.018103832855351, -0.09997790443169219, 1.0287448451851335], [0.9232937011431801, 1.0960109937373397, 1.0038130506018028]], [[2.0088803298709523, -0.10062759909853591, 1.0165374787186074], [2.015732766470862, 1.0956167539623345, 0.9219198699841649]], [[1.038772559913534, 0.9009095860815569, 1.009870292660632], [0.9577911582633415, 2.096424998398273, 0.9451794007208677]], [[2.0270552009610956, 0.9001370253844824, 1.014562744168107], [1.9912735871758844, 2.096811746359219, 0.9327746747755569]], [[1.1010881048606302, 2.016008653458981, 0.006336064239262806], [-0.09657594390079716, 2.038153425244885, -0.0651512450326277]], [[2.099501394701802, 2.0260834788056057, -0.02229381545055209], [0.9040676407713871, 1.9271284902402916, 0.01155954777784729]], [[1.1010398007961797, 1.970181770421978, 0.9973026787191628], [-0.09564272762726489, 2.002715729652567, 0.9142817918119872]], [[2.1029715853036466, 1.9979342335253292, 0.9839889001422478], [0.9064442053985712, 1.9834216697506912, 0.8939243975333846]], [[0.0518066585944813, 1.0981521069218647, 0.015700960551589205], [-0.05041958883669273, -0.09728137326228214, 0.037805005225796884]], [[0.034188560828737, 2.099832362835894, -0.026236926104972635], [0.03536324431493432, 0.9035682796928116, 0.06837207716928417]], [[-0.015880762249876668, 1.099792311380073, 1.002641219747909], [0.020148122781958655, -0.09962551971857203, 0.992702110834897]], [[0.04317456210164239, 2.1019543607864315, 0.9662547980723089], [-0.015808709562093348, 0.9058186998868833, 0.8902254985342816]], [[-0.10254179094295579, -0.035950895571007724, 1.9813315451577034], [1.0936155198319832, -0.09546105299912178, 2.0566059036242312]], [[0.8987070364893629, -0.004198505717744272, 1.965817563990214], [2.094522602564381, -0.09619624192916798, 2.005333996833503]], [[-0.10345543982200867, 1.0172529001650314, 1.985777271211929], [1.0919779846650441, 1.0117643462427162, 1.8813320540165053]], [[0.8957125411532494, 1.0146953813793502, 1.996548667899053], [2.093049555004944, 0.9525757850953861, 1.9462969911287753]], [[1.0347695524191467, -0.10054497679108043, 2.0133468825721796], [1.0224094633678118, 1.0955060236276697, 1.9168625180567307]], [[1.9920081171706068, -0.1187467748270219, 2.0374187364175786], [1.8890144227656853, 1.0766867380960894, 2.055612556608373]], [[0.9676444147288694, 0.8968421140023881, 1.9653260154238403], [1.0203277349505429, 2.0926412618335632, 1.8799511607144195]], [[1.9747344548661834, 0.9000932389093922, 1.988466393158487], [2.007680848690724, 2.0993764458208366, 1.9632805885424025]], [[1.1016157508550473, 1.9872989514623867, 1.9782315399798271], [-0.09659899523333504, 2.0181254243570805, 1.9205154172304062]], [[2.101217614572168, 1.9995571403659513, 2.0092195498007697], [0.905130544291444, 2.0111803412647378, 1.9130913983146336]], [[0.03904717767135413, 1.0988789433020831, 2.0146183967324776], [-0.030189646054302743, -0.09719525077351565, 1.9467009136608167]], [[0.03657329733018033, 2.099712219696654, 1.964170396190687], [-0.05760022062610459, 0.9036037855779311, 1.9428171213646783]], [[0.01390792872090274, -0.04080763597162895, -0.09927700441588971], [-0.07196762848202498, 0.01658969792223386, 1.0962692869241666]], [[1.0334652993819873, -0.035864284888326825, -0.09941070865494783], [0.9290630777058313, -0.037497065756355585, 1.0960379561298348]], [[0.007498574182496998, 1.0371193466179687, -0.10080794056312126], [-0.055376056443560806, 1.0484012097433892, 1.097490645094083]], [[0.9677726204488376, 1.0184162926686589, -0.10304181184171313], [0.8906674278907752, 0.9767841872367384, 1.0937545605950894]], [[-0.014826224307120883, 0.021747238430409266, 0.8988721787817311], [-0.0738346149859257, -0.004054286590603251, 2.097142720494281]], [[0.9703838156805658, 0.046223970811594906, 0.901948780741338], [0.9787910208007283, -0.05774047518876846, 2.097407150100098]], [[0.03952100057714525, 1.0454242656885149, 0.9028299857004229], [-0.008791270166000231, 0.9526635341875207, 2.0982635351656542]], [[0.994718435517565, 0.9696634383446546, 0.8985991726549891], [0.9172770553022016, 0.977882697330048, 2.0960695382223675]], [[1.9792061519870094, -0.0017526098346656305, -0.10407988399395474], [1.8788956349086412, -0.03133513650736819, 1.091354210500229]], [[2.036202130676781, 1.0231820469116633, -0.09847325266494877], [1.9696998041527762, 0.982961988437551, 1.0990073473713249]], [[1.96218658608508, -0.026089925968131755, 0.8947883794395816], [1.9404766879668305, -0.12840087259282829, 2.0902218366108514]], [[1.980648193683607, 1.0332401736813177, 0.895490497272097], [1.9307270916667323, 0.991909500566525, 2.0937390770890305]], [[0.9835051655315611, 1.9867411471731564, -0.1036702646603942], [0.9018109512927597, 1.9346240967011006, 1.092410781259989]], [[1.9841044792953384, 1.9816269442912797, -0.10211149389520102], [2.039588996863462, 1.9093163678124458, 1.0944221031423127]], [[1.0009131085385028, 2.022345656816367, 0.8733021205039477], [0.9744129224226531, 1.948346611439052, 2.070725137411119]], [[1.95187994472185, 1.9602734038920289, 0.9018730681197014], [2.0508409981480806, 1.9585444767116744, 2.097784319306668]], [[-0.00225086749777037, 1.9706653869704098, -0.09958807121736202], [0.005800047329482472, 2.067588877139066, 1.0964641934533634]], [[-0.03470124761654425, 2.039460869182721, 0.8916380356403849], [-0.008702646189359786, 1.9381588306573945, 2.0870718354446414]]], "adj": [[0, 20], [0, 36], [0, 1], [0, 8], [0, 37], [1, 37], [8, 37], [1, 9], [9, 44], [2, 20], [2, 38], [21, 38], [2, 3], [2, 39], [8, 39], [10, 39], [3, 9], [3, 45], [11, 45], [4, 22], [4, 36], [22, 40], [4, 37], [5, 12], [5, 37], [12, 41], [5, 13], [5, 44], [5, 46], [6, 38], [6, 42], [22, 38], [23, 38], [6, 12], [6, 14], [6, 43], [7, 14], [12, 39], [7, 15], [7, 47], [13, 45], [13, 47], [10, 16], [10, 17], [16, 48], [11, 17], [11, 49], [14, 18], [14, 50], [18, 48], [19, 50], [15, 19], [15, 49], [19, 51], [16, 21], [21, 52], [18, 23], [18, 53], [23, 52], [24, 34], [24, 40], [24, 41], [25, 28], [25, 41], [25, 29], [25, 46], [26, 34], [26, 35], [34, 42], [26, 28], [26, 43], [27, 30], [27, 43], [27, 31], [27, 47], [29, 47], [30, 33], [30, 50], [32, 50], [31, 33], [31, 51], [32, 35], [35, 53]], "coupler_contact_pts": [[[-0.04204376050574865, 0.0, 0.0], [-0.04204376050574865, 0.0006655421600665345, 0.03599392746188568]], [[0.006652903228048568, 0.0, 0.0], [0.006652903228048568, -0.03595853648179603, 0.0017263439648722567]], [[0.8999987003189744, 0.0, 0.0], [0.8999987003190136, -0.009296783177027645, -0.03478079936987766]], [[0.9832139929356813, 0.0, 0.0], [0.9832139929356813, 0.0008537161785212577, 0.035989929085866845]], [[1.02478774952176, 0.0, 0.0], [1.0247877495217599, -0.03599999596004233, -4.916991116732383e-05]], [[1.0253698049443865, -5.085613931710142e-05, -0.03725220257214823], [1.0280208674208056, -0.03594943216010704, -0.03706970849218427]], [[0.9854878084864672, -0.03821259461839399, 0.03691662003551832], [1.0212861194464444, -0.03605475911069278, 0.04004594426265462]], [[2.0010995552627016, 0.07190771921920969, -0.05648647219666114], [2.0017837252648016, 0.07225117383082791, -0.02049448792112263]], [[2.008133162556735, -0.0006216365420104175, -0.019919793064056], [1.9724022636482936, -0.003759141294381818, -0.022995663394456134]], [[0.041659534840654655, 1.001070747443754, -0.01846025916902949], [0.043547877537908675, 1.0015739420314376, 0.017486729569002102]], [[0.0023238918586869772, 1.001920397667713, -0.01640579960606381], [0.0030856827492863337, 1.0379111705482422, -0.01670467807996201]], [[0.03523047369846388, 1.0387780801595705, 0.05767873225044229], [-0.0007183295053085903, 1.0385937406907058, 0.05579423696916708]], [[0.8951818013258324, 0.9826346592067957, -0.0630388359928149], [0.8964884181761874, 0.9659967836618939, -0.031140915098287758]], [[0.9644994085726581, 0.981137398298958, -0.06665922224544163], [0.965344506626725, 1.017105259166385, -0.06535358725191198]], [[0.9243502998625619, 1.01218787098888, 0.0120000977140724], [0.960207255534047, 1.0143314566243633, 0.014384797000019822]], [[0.9946594061283018, 1.0123496148918982, 0.03926097501064907], [0.9587509425536246, 1.0135451363580963, 0.036989112407049496]], [[1.9211647388160098, 0.9841055940375788, -0.06366865309047776], [1.9223001399718656, 0.9844882702053472, -0.027688638455863]], [[2.035003193911562, 0.9861174283654172, -0.06728238687762311], [2.0344046776295306, 1.0220949621366855, -0.06610723983409295]], [[1.9947876070034467, 1.0207963509839741, -0.001759568395134803], [2.03072202143751, 1.0198677220516386, 0.00020486647931117208]], [[0.016066661687670125, -0.024025491980003144, 0.9573747848973118], [0.01788450925926688, -0.024268804698564406, 0.9933265626134942]], [[-0.06116940720848629, -0.025920051485149864, 0.9612672886550854], [-0.06214153325937288, 0.010022151966931125, 0.9594719014465269]], [[0.01653044354542821, 0.020808653574770353, 0.9937001019720761], [-0.019407710229011332, 0.01974397546581641, 0.9919074158780038]], [[0.9443721140772596, -0.0012546551981793552, 0.9105905231730842], [0.9452563233569699, -0.03724381423291123, 0.9106185887888555]], [[1.0100912901651973, -0.006071870177195793, 0.9907829296733375], [1.0105969310069507, -0.00528157706461263, 1.0267707889164455]], [[0.9406016008284831, -0.0014349771100135023, 0.9916574557223035], [0.938201538933492, -0.03735414633935297, 0.9913987913936546]], [[1.007142700202027, 0.03829205393659452, 1.0258624453531942], [0.9712552884893718, 0.035447239843699685, 1.0258674252926974]], [[2.00841586312096, -0.07268785789165655, 0.9782190392213], [2.009056614389274, -0.0698532378185015, 1.0141033635922154]], [[1.8857584938675704, -0.06450320329672854, 0.9797626792279484], [1.888167917165806, -0.028600652176327346, 0.9808533112243496]], [[1.9581765609519781, -0.06933550052539106, 0.9788512996163027], [1.9606035247350055, -0.03355032510998335, 0.9819580424350419]], [[-0.05082586136828504, 1.0112060479574752, 0.9602165792408236], [-0.04816289362099346, 1.0471069211749273, 0.9600183017604975]], [[0.034426720037502134, 1.0048875811833322, 0.9611566762678989], [0.03704727772846206, 1.0406746578260624, 0.964039513630015]], [[-0.014341528167534756, 1.0485505146116068, 1.0022165989145555], [-0.05027862233751379, 1.0474865554018424, 1.0003409995385426]], [[-0.008964016375660577, 1.0446238454353316, 0.8990482920796107], [-0.04486403181846721, 1.0465149923324801, 0.8971468161885829]], [[0.9361009646710863, 0.9380602938229651, 0.971099615974742], [0.935757673952918, 0.9387833553159328, 1.007090645561042]], [[1.0368849440915475, 0.9305907226400935, 0.972210980790536], [1.0366314266995407, 0.9325187914668777, 1.008159877496748]], [[0.9873363969141087, 0.9342629967681639, 0.971664599189776], [0.9899980395922329, 0.9701644386692356, 0.9715903076090756]], [[1.0322021411231779, 1.0373042791197882, 1.0384532771214023], [1.02967649377265, 1.035193348047701, 1.0026040238654996]], [[0.93226808870869, 0.982802967312477, 1.006173004999649], [0.896465068491862, 0.9799145598712283, 1.0037658709896775]], [[2.019449353802723, 1.0680024156426082, 0.9670922381898517], [2.021960422474842, 1.0705260039270124, 1.0029173192614866]], [[1.9765541316519704, 1.066668602420501, 0.9701928269568427], [1.9775858557511596, 1.030704803207921, 0.9689953264971037]], [[2.0151199984091095, 0.9886445371573724, 0.930380896637465], [1.9791752775152847, 0.988692676559754, 0.9283863161857697]], [[2.0153690336881698, 1.0321191526383402, 0.9269422478806845], [1.9794001645572799, 1.0322069055487246, 0.9254467495937309]], [[1.0326457118547863, 2.0146240936606103, -0.03371404595359184], [1.0305561658215676, 2.0173127868637137, 0.0021260868713640635]], [[1.0296281485690346, 1.9350052254517482, -0.027917042538091685], [1.03043090494256, 1.9375885222747073, 0.00798107973923956]], [[0.9771754575958663, 2.0182997945330605, -0.001060151541678156], [0.9766064086360934, 1.9823400660847876, -0.00266589807255313]], [[2.0235268701008424, 2.0179314198610014, -0.05610604618101078], [2.0243845379622334, 2.019865495019146, -0.020166589054761097]], [[2.022360932947064, 1.9774781618842958, -0.05390123746991682], [1.9864204891080641, 1.9786085886845428, -0.05216632588337733]], [[0.9662100806849103, 1.972137800288749, 0.9519047424601419], [0.9637695241190709, 1.9739137089093461, 0.9877794343790446]], [[0.9633006093039338, 2.0150898584993095, 0.949580550795473], [0.9992040083231226, 2.0175731701689372, 0.9505285945804163]], [[0.9101870747261148, 1.9753704438266029, 0.9840621055423625], [0.9093223744759992, 1.9394160299463796, 0.9824363971365597]], [[1.000852509650794, 1.9845667388559418, 0.9010306594605436], [1.0002506038760721, 2.0204956806553103, 0.9032376963574474]], [[1.9943412618810359, 1.9942169110937022, 0.9397866332960632], [1.9916162999419007, 1.9965836161407244, 0.9756070122244225]], [[1.9966358592798237, 1.917476752910042, 0.9450315250554613], [2.0325869986268863, 1.918441769837775, 0.9434227522662093]], [[1.9573171294201785, 1.9961676048500734, 0.9730252595752014], [1.957760411006996, 1.960170667536245, 0.9729365375266196]], [[0.03633502432713942, 2.035695905490247, -0.057217928923521066], [0.034248759751746904, 2.0385275004735517, -0.02138850508682455]], [[0.03430875527516075, 1.9774297744454552, -0.0165564658713242], [-0.001690321959920471, 1.9774136921124483, -0.01631284419263057]], [[0.040537558194374546, 1.999013424520087, 0.9237294170924196], [0.03799222472371311, 1.9968605202837706, 0.9595747772850601]], [[-0.03481665843834336, 2.001062063949136, 0.9185016530460226], [-0.034051272597422466, 2.036928279319686, 0.9215243396811175]], [[0.0408609832687854, 2.055036750619616, 0.9632726003554558], [0.004904168196931846, 2.0568035522214374, 0.9633714594784314]], [[-0.029098034622857982, -0.03960480418432333, 1.9859533717273088], [-0.026745885542608816, -0.037703886829170585, 1.950079051675677]], [[-0.07000895904560256, -0.037569440164059165, 1.983378841134673], [-0.06827467603431714, -0.0016231932778558722, 1.984238250760526]], [[0.976887046685613, -0.08965368155164599, 2.0492601633510077], [0.9784742566568384, -0.053823334086392505, 2.052365029500734]], [[1.0348158459133097, -0.014669771271289989, 1.9703153601216319], [1.0338523100185577, -0.011786013462065092, 2.0061867763820156]], [[0.9805126351901245, -0.01049205976018941, 1.9685208783966943], [0.9778628662103561, -0.046262810922039765, 1.9654286676840726]], [[1.9906723008126574, -0.08820672169120147, 2.0019022021727286], [1.9894332746510641, -0.08886093515358495, 2.03787358195051]], [[1.9448135825267048, -0.08467867072117397, 2.000386773696267], [1.942164621287076, -0.12044624954977778, 1.9972775052507818]], [[0.031040887550850993, 1.016635391627945, 1.9740263047116633], [0.03415825820182361, 1.0144222900392288, 2.00982263795206]], [[-0.04547488879527406, 1.0169866959798068, 1.9807115008218328], [-0.0486034248938263, 1.0178730991700675, 1.944857090307051]], [[0.030876177124154913, 0.957723957148942, 2.0066030984926004], [-0.0050349980221484625, 0.9598756678012142, 2.0053187475866245]], [[1.020104929413925, 1.0120943346228526, 1.8876116148121413], [1.023241313626714, 1.01501021730893, 1.923356042761031]], [[0.9303803614127937, 1.0125062840627321, 1.8954508652469073], [0.9302358524407763, 0.976507312367578, 1.8956886113369231]], [[0.9741824538985273, 1.0106242474848974, 1.9932553222112064], [0.9725476426842343, 1.0081349441804526, 1.9573801917260347]], [[0.9256460751298154, 1.0131423858363537, 1.9952923714206339], [0.923786216848845, 0.9771918459482564, 1.9954188520501983]], [[1.9748180761692176, 0.9587098072197878, 1.951259111225115], [1.9763643339348278, 0.9594225423448933, 1.987220435376602]], [[1.9346186091024893, 0.9607954143931454, 1.9529462641336148], [1.9365378070899943, 0.9967203074201226, 1.9542653631215297]], [[1.8964699128265998, 0.9901518999627708, 2.054295545441949], [1.9323037788429418, 0.9932148712344677, 2.055894095841019]], [[1.0165742257704027, 2.007444598827089, 1.8860338316538474], [1.0137242644619713, 2.0101250613798105, 1.9218189515524973]], [[1.0143981102182333, 1.9580514111556009, 1.8895602902808974], [0.9784377986373423, 1.9595856644912386, 1.8888592667865927]], [[0.9774581636152286, 1.9904931539291926, 1.9722510639684958], [0.9766417836146688, 1.9545704771797179, 1.9700130261397781]], [[2.004942240099151, 1.9996882276908643, 1.9653741123822077], [2.0020669509890023, 2.000520655573757, 2.001250924233539]], [[2.003846070802947, 1.9597865183908807, 1.9662120768000246], [2.0397077737992655, 1.9587389828685438, 1.963243024526884]], [[0.031595222393275946, 2.0148273714931646, 1.926690331388705], [0.029850314770224595, 2.0143228627212784, 1.9626460006135795]], [[0.024464217070410132, 1.9459134305842518, 1.961424735581543], [-0.011413109704061952, 1.9487199941167785, 1.9624428353929901]]], "radius": 0.01, "half_couplers": [{"pose": [[0.0, -0.01848724113780379, -0.9998290963535282, 0.0], [0.0, 0.9998290963535282, -0.01848724113780379, 0.0], [1.0, 0.0, 0.0, 0.0], [-0.04204376050574865, 0.0, 0.0, 1.0]], "at_element": 0, "to_element": 20}, {"pose": [[0.0, 0.01848724113780379, 0.9998290963535282, 0.0], [-0.9963648492060682, 0.08517398049393578, -0.0015749010723940915, 0.0], [-0.08518853952597837, -0.9961945668201224, 0.0184200372285064, 0.0], [-0.04204376050574865, 0.0006655421600665345, 0.03599392746188568, 1.0]], "at_element": 20, "to_element": 0}, {"pose": [[0.0, 0.9988495422041194, -0.04795406175310978, 0.0], [-0.0, 0.04795406175310978, 0.9988495422041194, 0.0], [1.0, 0.0, 0.0, 0.0], [0.006652903228048568, 0.0, 0.0, 1.0]], "at_element": 0, "to_element": 36}, {"pose": [[0.0, -0.9988495422041194, 0.04795406175310978, 0.0], [0.9974360842357154, 0.0034317348109932566, 0.0714806341655567, 0.0], [-0.07156296433577311, 0.047831111578219024, 0.9962885761167138, 0.0], [0.006652903228048568, -0.03595853648179603, 0.0017263439648722567, 1.0]], "at_element": 36, "to_element": 0}, {"pose": [[-1.08857900277385e-12, 0.25823060944407944, 0.9660833050757782, 0.0], [0.0, -0.9660833050757782, 0.25823060944407944, 0.0], [1.0, 0.0, 0.0, 0.0], [0.8999987003189744, 0.0, 0.0, 1.0]], "at_element": 0, "to_element": 1}, {"pose": [[1.08857900277385e-12, -0.25823060944407944, -0.9660833050757782, 0.0], [-0.07611612935322562, 0.9632806581923654, -0.2574814719640351, 0.0], [0.997098959407883, 0.07353452181513757, -0.01965551447141574, 0.0], [0.8999987003190136, -0.009296783177027645, -0.03478079936987766, 1.0]], "at_element": 1, "to_element": 0}, {"pose": [[0.0, -0.023714303279658632, -0.9997187763666142, 0.0], [0.0, 0.9997187763666142, -0.023714303279658632, 0.0], [1.0, 0.0, 0.0, 0.0], [0.9832139929356813, 0.0, 0.0, 1.0]], "at_element": 0, "to_element": 8}, {"pose": [[0.0, 0.023714303279658632, 0.9997187763666142, 0.0], [0.9983113865385245, 0.05807303906388799, -0.001377549060084347, 0.0], [-0.05808937516903414, 0.9980306377831516, -0.023674258987912793, 0.0], [0.9832139929356813, 0.0008537161785212577, 0.035989929085866845, 1.0]], "at_element": 8, "to_element": 0}, {"pose": [[6.167900631441614e-15, 0.9999990672541188, 0.001365829745060724, 0.0], [0.0, -0.001365829745060724, 0.9999990672541188, 0.0], [1.0, 0.0, 0.0, 0.0], [1.02478774952176, 0.0, 0.0, 1.0]], "at_element": 0, "to_element": 37}, {"pose": [[-6.167900631441614e-15, -0.9999990672541188, -0.001365829745060724, 0.0], [0.9962081498630343, -0.00011882971651924229, 0.0870017702461781, 0.0], [-0.08700185139679666, -0.0013606507233573004, 0.9962072206539856, 0.0], [1.0247877495217599, -0.03599999596004233, -4.916991116732383e-05, 1.0]], "at_element": 37, "to_element": 0}, {"pose": [[-0.07364718251330188, 0.9972714727349166, -0.005069731450786794, 0.0], [0.019229083586306466, 0.00650259721572613, 0.9997939580603, 0.0], [0.997098959407883, 0.07353452181513757, -0.01965551447141574, 0.0], [1.0253698049443865, -5.085613931710142e-05, -0.03725220257214823, 1.0]], "at_element": 1, "to_element": 37}, {"pose": [[0.07364718251330188, -0.9972714727349166, 0.005069731450786794, 0.0], [0.9934821439569924, 0.07380893102287629, 0.08686467256530771, 0.0], [-0.08700185139679666, -0.0013606507233573004, 0.9962072206539856, 0.0], [1.0280208674208056, -0.03594943216010704, -0.03706970849218427, 1.0]], "at_element": 37, "to_element": 1}, {"pose": [[-0.9944098065581433, -0.05994061541608611, -0.08692674642787948, 0.0], [-0.08817460583108616, 0.018492394915105157, 0.9959333663538119, 0.0], [-0.05808937516903414, 0.9980306377831516, -0.023674258987912793, 0.0], [0.9854878084864672, -0.03821259461839399, 0.03691662003551832, 1.0]], "at_element": 8, "to_element": 37}, {"pose": [[0.9944098065581433, 0.05994061541608611, 0.08692674642787948, 0.0], [-0.05983155082835478, 0.9982010174574808, -0.0038619000924559324, 0.0], [-0.08700185139679666, -0.0013606507233573004, 0.9962072206539856, 0.0], [1.0212861194464444, -0.03605475911069278, 0.04004594426265462, 1.0]], "at_element": 37, "to_element": 8}, {"pose": [[-0.01900465642607209, -0.009540372819209787, -0.9997738765944014, 0.0], [-0.07370541487464635, 0.9972470382948697, -0.008115197487845137, 0.0], [0.997098959407883, 0.07353452181513757, -0.01965551447141574, 0.0], [2.0010995552627016, 0.07190771921920969, -0.05648647219666114, 1.0]], "at_element": 1, "to_element": 9}, {"pose": [[0.01900465642607209, 0.009540372819209787, 0.9997738765944014, 0.0], [0.9960445676873856, 0.08662992781385745, -0.01976043489943527, 0.0], [-0.08679886067556375, 0.9961948789737057, -0.007856264505967844, 0.0], [2.0017837252648016, 0.07225117383082791, -0.02049448792112263, 1.0]], "at_element": 9, "to_element": 1}, {"pose": [[0.9925241842503383, 0.08715284082016989, 0.08544077489802422, 0.0], [0.08580035817888665, -0.00038137060365481257, -0.9963122768955712, 0.0], [-0.08679886067556375, 0.9961948789737057, -0.007856264505967844, 0.0], [2.008133162556735, -0.0006216365420104175, -0.019919793064056, 1.0]], "at_element": 9, "to_element": 44}, {"pose": [[-0.9925241842503383, -0.08715284082016989, -0.08544077489802422, 0.0], [0.08892752612567727, -0.9958898814770659, -0.017182522188640022, 0.0], [-0.08359209756530689, -0.02465210556058547, 0.9961950787451533, 0.0], [1.9724022636482936, -0.003759141294381818, -0.022995663394456134, 1.0]], "at_element": 44, "to_element": 9}, {"pose": [[-0.05245386177320344, -0.013977600244788847, -0.9985255224962829, 0.0], [0.02080492096056755, 0.9996697214424543, -0.015086526935986415, 0.0], [0.9984066043696335, -0.02156559117118252, -0.052145734519088244, 0.0], [0.041659534840654655, 1.001070747443754, -0.01846025916902949, 1.0]], "at_element": 2, "to_element": 20}, {"pose": [[0.05245386177320344, 0.013977600244788847, 0.9985255224962829, 0.0], [-0.9949831682588951, 0.08602913302751412, 0.05106352075626746, 0.0], [-0.08518853952597837, -0.9961945668201224, 0.0184200372285064, 0.0], [0.043547877537908675, 1.0015739420314376, 0.017486729569002102, 1.0]], "at_element": 20, "to_element": 2}, {"pose": [[-0.021160814099547648, -0.9997416136398275, 0.008302162578421458, 0.0], [-0.05231130181655027, -0.007185487754603618, -0.9986049751868785, 0.0], [0.9984066043696335, -0.02156559117118252, -0.052145734519088244, 0.0], [0.0023238918586869772, 1.001920397667713, -0.01640579960606381, 1.0]], "at_element": 2, "to_element": 38}, {"pose": [[0.021160814099547648, 0.9997416136398275, -0.008302162578421458, 0.0], [-0.9984021879242593, 0.0206958151677727, -0.05258093173949726, 0.0], [-0.052395525521714836, 0.009401552604517138, 0.9985821547143369, 0.0], [0.0030856827492863337, 1.0379111705482422, -0.01670467807996201, 1.0]], "at_element": 38, "to_element": 2}, {"pose": [[0.9986157180725802, 0.0051207348969598155, 0.05234907537387917, 0.0], [-0.052589821900128945, 0.07868045345541136, 0.9955117763625719, 0.0], [0.0009789029051644282, -0.9968867359525684, 0.07884083606188065, 0.0], [0.03523047369846388, 1.0387780801595705, 0.05767873225044229, 1.0]], "at_element": 21, "to_element": 38}, {"pose": [[-0.9986157180725802, -0.0051207348969598155, -0.05234907537387917, 0.0], [0.004621311901201673, -0.9999426927993121, 0.009656841801140612, 0.0], [-0.052395525521714836, 0.009401552604517138, 0.9985821547143369, 0.0], [-0.0007183295053085903, 1.0385937406907058, 0.05579423696916708, 1.0]], "at_element": 38, "to_element": 21}, {"pose": [[-0.03629486339372074, 0.46216258415758915, -0.8860521591283499, 0.0], [0.04320804603824298, 0.8865329498006536, 0.46064345612991064, 0.0], [0.9984066043696335, -0.02156559117118252, -0.052145734519088244, 0.0], [0.8951818013258324, 0.9826346592067957, -0.0630388359928149, 1.0]], "at_element": 2, "to_element": 3}, {"pose": [[0.03629486339372074, -0.46216258415758915, 0.8860521591283499, 0.0], [0.0009872187211330905, -0.886619327987244, -0.4624988569052303, 0.0], [0.9993406367653334, 0.01766106010979123, -0.03172347183484617, 0.0], [0.8964884181761874, 0.9659967836618939, -0.031140915098287758, 1.0]], "at_element": 3, "to_element": 2}, {"pose": [[-0.02347398700247888, -0.9990664331149454, -0.036266157188041666, 0.0], [-0.05131495186887722, 0.03743243914598385, -0.9979807554328273, 0.0], [0.9984066043696335, -0.02156559117118252, -0.052145734519088244, 0.0], [0.9644994085726581, 0.981137398298958, -0.06665922224544163, 1.0]], "at_element": 2, "to_element": 39}, {"pose": [[0.02347398700247888, 0.9990664331149454, 0.036266157188041666, 0.0], [-0.997657432879171, 0.025741576270433573, -0.06337994850152472, 0.0], [-0.06425432713171864, -0.034693421193267016, 0.9973303103640021, 0.0], [0.965344506626725, 1.017105259166385, -0.06535358725191198, 1.0]], "at_element": 39, "to_element": 2}, {"pose": [[-0.9960253859045014, -0.0595439760520277, -0.06624156965006499, 0.0], [-0.0675207755158372, 0.019732231553250622, 0.9975227235064215, 0.0], [-0.05808937516903414, 0.9980306377831516, -0.023674258987912793, 0.0], [0.9243502998625619, 1.01218787098888, 0.0120000977140724, 1.0]], "at_element": 8, "to_element": 39}, {"pose": [[0.9960253859045014, 0.0595439760520277, 0.06624156965006499, 0.0], [-0.06168315879264834, 0.9976226147405751, 0.030729570116400977, 0.0], [-0.06425432713171864, -0.034693421193267016, 0.9973303103640021, 0.0], [0.960207255534047, 1.0143314566243633, 0.014384797000019822, 1.0]], "at_element": 39, "to_element": 8}, {"pose": [[0.9974540938211962, -0.03320882215498938, 0.06310709033392674, 0.0], [0.06048575212886599, -0.074764372272013, -0.9953651402516451, 0.0], [0.037773065916622266, 0.9966481138144245, -0.07256536860933303, 0.0], [0.9946594061283018, 1.0123496148918982, 0.03926097501064907, 1.0]], "at_element": 10, "to_element": 39}, {"pose": [[-0.9974540938211962, 0.03320882215498938, -0.06310709033392674, 0.0], [-0.030930764041422035, -0.9988461045911852, -0.036738905520292985, 0.0], [-0.06425432713171864, -0.034693421193267016, 0.9973303103640021, 0.0], [0.9587509425536246, 1.0135451363580963, 0.036989112407049496, 1.0]], "at_element": 39, "to_element": 10}, {"pose": [[-0.03153895713511784, -0.010629905729471718, -0.9994459961833915, 0.0], [-0.017988493330101017, 0.9997875234568497, -0.010065885342682287, 0.0], [0.9993406367653334, 0.01766106010979123, -0.03172347183484617, 0.0], [1.9211647388160098, 0.9841055940375788, -0.06366865309047776, 1.0]], "at_element": 3, "to_element": 9}, {"pose": [[0.03153895713511784, 0.010629905729471718, 0.9994459961833915, 0.0], [0.9957264945597526, 0.08650299538597635, -0.0323416112925824, 0.0], [-0.08679886067556375, 0.9961948789737057, -0.007856264505967844, 0.0], [1.9223001399718656, 0.9844882702053472, -0.027688638455863, 1.0]], "at_element": 9, "to_element": 3}, {"pose": [[0.01662466898415745, -0.9993288533164011, -0.0326414354845802, 0.0], [-0.03227866308609501, 0.03209252070381236, -0.9989635418894173, 0.0], [0.9993406367653334, 0.01766106010979123, -0.03172347183484617, 0.0], [2.035003193911562, 0.9861174283654172, -0.06728238687762311, 1.0]], "at_element": 3, "to_element": 45}, {"pose": [[-0.01662466898415745, 0.9993288533164011, 0.0326414354845802, 0.0], [-0.998324796122295, -0.014780822658121253, -0.055938615722301605, 0.0], [-0.05541860543667046, -0.03351671539509354, 0.9979005000302279, 0.0], [2.0344046776295306, 1.0220949621366855, -0.06610723983409295, 1.0]], "at_element": 45, "to_element": 3}, {"pose": [[-0.9981768321146673, 0.025795213320913113, -0.0545675617858771, 0.0], [-0.053060902168340654, 0.05586990733175207, 0.9970271280741678, 0.0], [0.02876721207570376, 0.9981047842909432, -0.054399329820516054, 0.0], [1.9947876070034467, 1.0207963509839741, -0.001759568395134803, 1.0]], "at_element": 11, "to_element": 45}, {"pose": [[0.9981768321146673, -0.025795213320913113, 0.0545675617858771, 0.0], [0.02391213083314417, 0.999105218062068, 0.0348851435451498, 0.0], [-0.05541860543667046, -0.03351671539509354, 0.9979005000302279, 0.0], [2.03072202143751, 1.0198677220516386, 0.00020486647931117208, 1.0]], "at_element": 45, "to_element": 11}, {"pose": [[-0.05049782924270825, 0.006758962801096309, -0.998701299520346, 0.0], [-0.024119117945900385, 0.9996772009492659, 0.007985114385719812, 0.0], [0.9984328907799893, 0.024491025378588778, -0.0503185083703726, 0.0], [0.016066661687670125, -0.024025491980003144, 0.9573747848973118, 1.0]], "at_element": 4, "to_element": 22}, {"pose": [[0.05049782924270825, -0.006758962801096309, 0.998701299520346, 0.0], [-0.9982727705445925, -0.03040333143856421, 0.05027039910981977, 0.0], [0.030024070859862775, -0.9995148592488711, -0.008282590760843405, 0.0], [0.01788450925926688, -0.024268804698564406, 0.9933265626134942, 1.0]], "at_element": 22, "to_element": 4}, {"pose": [[0.027003392720097056, -0.9983905216376082, 0.049871666162146715, 0.0], [-0.049016113578273006, -0.05115228225690138, -0.9974872754223946, 0.0], [0.9984328907799893, 0.024491025378588778, -0.0503185083703726, 0.0], [-0.06116940720848629, -0.025920051485149864, 0.9612672886550854, 1.0]], "at_element": 4, "to_element": 36}, {"pose": [[-0.027003392720097056, 0.9983905216376082, -0.049871666162146715, 0.0], [-0.9970704884395493, -0.030472135950353217, -0.07015618300294063, 0.0], [-0.07156296433577311, 0.047831111578219024, 0.9962885761167138, 0.0], [-0.06214153325937288, 0.010022151966931125, 0.9594719014465269, 1.0]], "at_element": 36, "to_element": 4}, {"pose": [[0.9983212743719733, 0.02957555396968687, 0.04979879259284884, 0.0], [-0.049529670959148876, -0.009763849041010023, 0.998724926567162, 0.0], [0.030024070859862775, -0.9995148592488711, -0.008282590760843405, 0.0], [0.01653044354542821, 0.020808653574770353, 0.9937001019720761, 1.0]], "at_element": 22, "to_element": 40}, {"pose": [[-0.9983212743719733, -0.02957555396968687, -0.04979879259284884, 0.0], [0.030603666558171698, -0.9993312673779325, -0.02001083791377684, 0.0], [-0.049173658899004005, -0.02150127085084376, 0.9985587847604581, 0.0], [-0.019407710229011332, 0.01974397546581641, 0.9919074158780038, 1.0]], "at_element": 40, "to_element": 22}, {"pose": [[-0.02456134820689876, 0.9996980206034418, -0.0007795997818814617, 0.0], [0.05028422001953601, 0.002014268469211828, 0.9987329172203953, 0.0], [0.9984328907799893, 0.024491025378588778, -0.0503185083703726, 0.0], [0.9443721140772596, -0.0012546551981793552, 0.9105905231730842, 1.0]], "at_element": 4, "to_element": 37}, {"pose": [[0.02456134820689876, -0.9996980206034418, 0.0007795997818814617, 0.0], [0.9959053258356385, 0.024536019057081592, 0.08700899804641675, 0.0], [-0.08700185139679666, -0.0013606507233573004, 0.9962072206539856, 0.0], [0.9452563233569699, -0.03724381423291123, 0.9106185887888555, 1.0]], "at_element": 37, "to_element": 4}, {"pose": [[-0.014045545076783104, -0.021952533537769717, -0.9996603467852313, 0.0], [0.06627622543716914, 0.9975399368178628, -0.022837171348820465, 0.0], [0.9977024529414055, -0.06657447502374274, -0.012556061086798817, 0.0], [1.0100912901651973, -0.006071870177195793, 0.9907829296733375, 1.0]], "at_element": 5, "to_element": 12}, {"pose": [[0.014045545076783104, 0.021952533537769717, 0.9996603467852313, 0.0], [0.9967749939597406, 0.07868979041789757, -0.01573303214724758, 0.0], [-0.07900844309347586, 0.9966574151408601, -0.02077649548610894, 0.0], [1.0105969310069507, -0.00528157706461263, 1.0267707889164455, 1.0]], "at_element": 12, "to_element": 5}, {"pose": [[0.06666802787764577, 0.9977493415986962, 0.0071850816469789715, 0.0], [0.012049458643776175, -0.00800566141434332, 0.9998953544905139, 0.0], [0.9977024529414055, -0.06657447502374274, -0.012556061086798817, 0.0], [0.9406016008284831, -0.0014349771100135023, 0.9916574557223035, 1.0]], "at_element": 5, "to_element": 37}, {"pose": [[-0.06666802787764577, -0.9977493415986962, -0.0071850816469789715, 0.0], [0.9939748748899215, -0.06704028616419623, 0.08671532804866496, 0.0], [-0.08700185139679666, -0.0013606507233573004, 0.9962072206539856, 0.0], [0.938201538933492, -0.03735414633935297, 0.9913987913936546, 1.0]], "at_element": 37, "to_element": 5}, {"pose": [[0.9968728123848414, 0.07902263468323785, -0.0001383316896137208, 0.0], [0.001503944108594248, -0.020722452858165253, -0.9997841357511428, 0.0], [-0.07900844309347586, 0.9966574151408601, -0.02077649548610894, 0.0], [1.007142700202027, 0.03829205393659452, 1.0258624453531942, 1.0]], "at_element": 12, "to_element": 41}, {"pose": [[-0.9968728123848414, -0.07902263468323785, 0.0001383316896137208, 0.0], [0.07871157368615127, -0.9931009247787939, -0.08691974097610985, 0.0], [0.007006004266802145, -0.08663703833363612, 0.9962153077989666, 0.0], [0.9712552884893718, 0.035447239843699685, 1.0258674252926974, 1.0]], "at_element": 41, "to_element": 12}, {"pose": [[-0.017797751198763666, -0.07873548645137235, -0.9967366569087006, 0.0], [0.06536861209303488, 0.994670077185686, -0.07973946390872987, 0.0], [0.9977024529414055, -0.06657447502374274, -0.012556061086798817, 0.0], [2.00841586312096, -0.07268785789165655, 0.9782190392213, 1.0]], "at_element": 5, "to_element": 13}, {"pose": [[0.017797751198763666, 0.07873548645137235, 0.9967366569087006, 0.0], [0.9998253006386459, -0.0070950461729587955, -0.017292441199693562, 0.0], [0.005710363833258217, 0.9968702942173918, -0.07884800727870214, 0.0], [2.009056614389274, -0.0698532378185015, 1.0141033635922154, 1.0]], "at_element": 13, "to_element": 5}, {"pose": [[-0.06692873543352329, -0.9972977131439088, -0.03029547377413179, 0.0], [-0.010505225745851292, 0.03106622978803882, -0.9994621201420217, 0.0], [0.9977024529414055, -0.06657447502374274, -0.012556061086798817, 0.0], [1.8857584938675704, -0.06450320329672854, 0.9797626792279484, 1.0]], "at_element": 5, "to_element": 44}, {"pose": [[0.06692873543352329, 0.9972977131439088, 0.03029547377413179, 0.0], [-0.9942499210952455, 0.06920653906502669, -0.08171627348783934, 0.0], [-0.08359209756530689, -0.02465210556058547, 0.9961950787451533, 0.0], [1.888167917165806, -0.028600652176327346, 0.9808533112243496, 1.0]], "at_element": 44, "to_element": 5}, {"pose": [[-0.06741251938157022, -0.9939863331025252, -0.08629439052467576, 0.0], [-0.006735549371204334, 0.08694256081292259, -0.9961905558144781, 0.0], [0.9977024529414055, -0.06657447502374274, -0.012556061086798817, 0.0], [1.9581765609519781, -0.06933550052539106, 0.9788512996163027, 1.0]], "at_element": 5, "to_element": 46}, {"pose": [[0.06741251938157022, 0.9939863331025252, 0.08629439052467576, 0.0], [-0.9975611494539379, 0.06871718627283571, -0.012235252791920089, 0.0], [-0.018091581765207938, -0.0852591221872471, 0.9961945476427246, 0.0], [1.9606035247350055, -0.03355032510998335, 0.9819580424350419, 1.0]], "at_element": 46, "to_element": 5}, {"pose": [[-0.07397122902791448, -0.9972451667021638, 0.005507700543198668, 0.0], [0.0105590169652232, -0.006305718660000259, -0.9999243696764817, 0.0], [0.9972044747376674, -0.07390747865646195, 0.010996370392879483, 0.0], [-0.05082586136828504, 1.0112060479574752, 0.9602165792408236, 1.0]], "at_element": 6, "to_element": 38}, {"pose": [[0.07397122902791448, 0.9972451667021638, -0.005507700543198668, 0.0], [-0.9958830082802916, 0.07357777040518541, -0.05294662898427672, 0.0], [-0.052395525521714836, 0.009401552604517138, 0.9985821547143369, 0.0], [-0.04816289362099346, 1.0471069211749273, 0.9600183017604975, 1.0]], "at_element": 38, "to_element": 6}, {"pose": [[-0.07279627635669797, -0.9941265289711028, -0.0800821237509746, 0.0], [0.01685045138184318, 0.07905775733292683, -0.9967276123865115, 0.0], [0.9972044747376674, -0.07390747865646195, 0.010996370392879483, 0.0], [0.034426720037502134, 1.0048875811833322, 0.9611566762678989, 1.0]], "at_element": 6, "to_element": 42}, {"pose": [[0.07279627635669797, 0.9941265289711028, 0.0800821237509746, 0.0], [-0.9965339012706409, 0.0757433835644021, -0.03439656181266629, 0.0], [-0.0402602256192879, -0.07730060958416182, 0.9961946245543595, 0.0], [0.03704727772846206, 1.0406746578260624, 0.964039513630015, 1.0]], "at_element": 42, "to_element": 6}, {"pose": [[0.9982046247555544, 0.02955300166214382, 0.05209747795604238, 0.0], [-0.0518274279279328, -0.009831898772203869, 0.998607656430146, 0.0], [0.030024070859862775, -0.9995148592488711, -0.008282590760843405, 0.0], [-0.014341528167534756, 1.0485505146116068, 1.0022165989145555, 1.0]], "at_element": 22, "to_element": 38}, {"pose": [[-0.9982046247555544, -0.02955300166214382, -0.05209747795604238, 0.0], [0.029021302898493553, -0.9995189997700804, 0.010933118342543771, 0.0], [-0.052395525521714836, 0.009401552604517138, 0.9985821547143369, 0.0], [-0.05027862233751379, 1.0474865554018424, 1.0003409995385426, 1.0]], "at_element": 38, "to_element": 22}, {"pose": [[0.9972214370017266, -0.05253179429296587, 0.052818710440269825, 0.0], [-0.05597691553658661, -0.06058552249393304, 0.996592183087519, 0.0], [-0.04915272638644644, -0.99677971741629, -0.06335774961502273, 0.0], [-0.008964016375660577, 1.0446238454353316, 0.8990482920796107, 1.0]], "at_element": 23, "to_element": 38}, {"pose": [[-0.9972214370017266, 0.05253179429296587, -0.052818710440269825, 0.0], [-0.05295389022078712, -0.9985749953794087, 0.00662299882974534, 0.0], [-0.052395525521714836, 0.009401552604517138, 0.9985821547143369, 0.0], [-0.04486403181846721, 1.0465149923324801, 0.8971468161885829, 1.0]], "at_element": 38, "to_element": 23}, {"pose": [[0.009535872129351107, -0.02008508116790343, -0.9997527977741355, 0.0], [0.07411007155512336, 0.9970628235538237, -0.019324160550231787, 0.0], [0.9972044747376674, -0.07390747865646195, 0.010996370392879483, 0.0], [0.9361009646710863, 0.9380602938229651, 0.971099615974742, 1.0]], "at_element": 6, "to_element": 12}, {"pose": [[-0.009535872129351107, 0.02008508116790343, 0.9997527977741355, 0.0], [0.996828336807636, 0.07918703403473265, 0.007917106675070703, 0.0], [-0.07900844309347586, 0.9966574151408601, -0.020776495