{"line": [[[-0.12186775770093483, 0.0, 0.0], [1.0781322422990651, 0.0, 0.0]], [[0.870036167927685, 0.0059621120261776905, -0.03551457804194058], [2.0694811638688018, 0.041786375825441535, -0.028563043315307457]], [[-0.10152533420642951, 1.0261449581929534, -0.03643432636409738], [1.097622176888436, 1.0153427048065826, -0.08034967626325451]], [[0.8478353627160786, 1.0270286765280696, -0.03641436838335732], [2.04605693770003, 0.9707381154244077, -0.06952675237506067]], [[-0.10346341926458313, 0.000868907906631633, 0.9811667810413819], [1.0923685115743924, -0.04417525632729036, 0.8919646708959674]], [[0.9006155237101692, 0.04382384749618018, 0.9785788641968428], [2.0980338600451853, -0.026030044390575657, 0.9423882356176662]], [[-0.10526173675082706, 0.9725239618941393, 1.0342045522124002], [1.0941711576888076, 0.9363016477813263, 1.0411813492191644]], [[0.8986001523203425, 1.0126550661573888, 1.0014352915626257], [2.09523639877895, 0.9955372161763136, 0.9132952162649466]], [[0.9953051251299176, -0.10097632266926038, 0.03978522409417873], [0.9054778927774092, 1.0948280450545593, -0.004745467125750302]], [[2.0294006002833367, -0.09974285541350314, 0.006686275902301531], [1.9248821267269158, 1.0956906340812451, 0.010515228741513005]], [[0.9719533241186525, 0.8993182190067952, 0.01833575561813683], [0.9679580599491873, 2.095063282062717, -0.08254923851679874]], [[1.9926025099807343, 0.899071506898581, -0.03232702622356576], [2.0777899277105485, 2.096041650146308, -0.02996481665567141]], [[1.031666217110284, -0.10096785997221303, 1.0008238958540123], [0.9951458283908677, 1.095294892275305, 1.088126179861796]], [[1.988782590541153, -0.10316789627881606, 0.9834202041215923], [1.893903903837444, 1.0928833576043715, 0.9619858183399791]], [[0.9910828448815695, 0.8801433901625004, 0.962288121301347], [0.9886939874615168, 2.0796487245867863, 0.9279188610836804]], [[1.9876385452167882, 0.8985372370353352, 0.9875591824923462], [2.040007597219745, 2.0958148609696243, 0.9260467965967047]], [[1.1005145214766343, 2.026844776623072, -0.03716699868297191], [-0.09602432874608335, 1.939022123818264, -0.06129087818074486]], [[2.1001864975909137, 1.9622428198936013, 0.023354122711002567], [0.9004125428204759, 1.948347614787317, 0.004662393803334219]], [[1.0997999903978617, 1.9950962903667204, 1.0287734339388344], [-0.09563347986741055, 1.9897186945900103, 0.9243229689652839]], [[2.1026327339432758, 1.9862234997870787, 1.016647199998942], [0.9071990731941558, 1.8949480650984014, 0.9655868653902486]], [[-0.018133083289754826, 1.1027580850111038, -0.006212623302085829], [-0.09823220410301925, -0.09368830523029947, 0.039614946164968745]], [[0.0028591933411923343, 2.1026446431532273, -0.014806223045706446], [-0.06967206492513989, 0.9066410206482649, -0.08049146894849968]], [[-0.020206467606858736, 1.1018134976086997, 1.0063109606585892], [-0.06450274136427003, -0.09532362253398352, 0.9363069914304731]], [[0.0475660083521966, 2.099276343742809, 0.9759075193627218], [-0.029637878151848263, 0.9023929956556158, 0.9370512331240566]], [[-0.10363815214497096, -0.020160522868190256, 1.9791368943996737], [1.0917954304197135, -0.12246674043804573, 2.0008621682325245]], [[0.8996393107159668, -0.036486009582714196, 2.000606951519851], [2.0988417236991577, -0.035952549380910526, 1.956865802523669]], [[-0.16052670219025988, 0.9696805893198972, 2.0087701330728405], [1.0349063306200603, 0.8824641950647044, 1.951036567107776]], [[0.8982762989543212, 0.9969620246387989, 1.9936210232608542], [2.0954883625345246, 1.0275165106732103, 1.917794258848783]], [[1.030397634638522, -0.14842153979944128, 1.9650630456375497], [0.9403368745092324, 1.0470119065574413, 1.911884715311746]], [[1.9625965386280126, -0.10227196843875763, 2.0000282375391794], [1.9144792962297048, 1.0961877899787762, 1.9628941771933346]], [[1.0097741884174478, 0.8998355904553723, 2.0298414397331976], [1.0528394578354778, 2.0958393380917366, 1.9419755293371623]], [[1.994190985517104, 0.9000296623655217, 1.9597273121988992], [2.028068247854881, 2.0995471425694103, 1.9629125565868586]], [[1.101260398937502, 1.9818806972196739, 1.9885455629085613], [-0.09478015971501064, 2.063449138327019, 1.935314261275944]], [[2.10009628283646, 1.9933171085422239, 2.0301895890796966], [0.9001145585470639, 1.987026539927108, 2.0322608490696394]], [[-0.03066664283709586, 1.1057267874646322, 1.975371650156616], [-0.10806371680026317, -0.08970660237373917, 1.905024628887194]], [[-0.03287717940487922, 2.1052281786791096, 1.9740340420109095], [-0.13742769527074516, 0.9097946409994131, 1.9712328596202155]], [[-0.013362086998661704, -0.03456959605973586, -0.10364964523802445], [-0.11151293837530507, -0.0511127307413044, 1.0922152029237346]], [[0.9651816345258969, -0.03623074532199455, -0.10587892543293531], [0.8770789371614068, -0.07921040058283157, 1.0901104825263328]], [[0.017325854388110185, 0.9694450962399241, -0.09986440938488661], [-0.07921543641384798, 1.0096816447006194, 1.0955689008998244]], [[1.014525356512877, 0.9822068451684911, -0.1095954818012137], [0.9480495821249584, 0.9014633474095444, 1.0858381043879888]], [[-0.010003172395907534, -0.04239219162049146, 0.8999353768371683], [-0.07568648613661133, 0.019072080984612216, 2.096558895530147]], [[0.9947535611718876, -0.002670836523239073, 0.8716978340490166], [0.9784152902959542, -0.07696056895912928, 2.069284614436721]], [[0.013711952569402164, 1.0065111231387835, 0.9001710270368464], [-0.0036823990032044396, 0.9931305793973236, 2.0999703425819716]], [[1.0460368068209382, 0.9756634640949624, 0.9013810207662316], [0.9713470228659022, 0.9617024766004706, 2.0989729909300805]], [[1.9934176754681452, -0.016881325313395923, -0.10261050024385798], [1.9151814499730873, -0.056912104553917375, 1.0941671022093644]], [[1.9674415209060123, 1.046720999018707, -0.09863145525882455], [1.9527483081466808, 0.9469337267569173, 1.0971221187660916]], [[2.0251346641775605, 0.018271524791946603, 0.899272424797886], [2.030058337393206, -0.08366928805410478, 2.0949244762402577]], [[2.036394700631633, 1.0336956388164522, 0.8895901495554492], [1.9460640271130254, 0.9809759737818777, 2.0850235464205014]], [[1.0058301470200048, 1.9807688428028838, -0.10108661289497078], [0.9441656399524297, 2.034036898685617, 1.0961435248774576]], [[2.0322401061916535, 2.003797320500939, -0.10212524772732645], [2.0756545306905236, 1.9437592698047785, 1.0955853267496785]], [[1.036539535821659, 2.0316712284509366, 0.9008529994439071], [1.010962669080113, 2.023129009730537, 2.1005499838474764]], [[1.9583339260122723, 2.0097100454853756, 0.9007269266541041], [1.9941018593498085, 2.0299303897135506, 2.1000233006267996]], [[-0.0415935315160989, 2.025372257480427, -0.10027773497258208], [0.015406257294936387, 2.075295750692976, 1.0973276545029969]], [[0.01283562891606016, 2.0266124288888134, 0.8992532222392422], [-0.08729817258162043, 2.0121255881629727, 2.09498034547573]]], "adj": [[0, 20], [0, 36], [0, 1], [0, 8], [8, 37], [1, 9], [9, 44], [2, 20], [2, 21], [20, 38], [2, 3], [2, 39], [3, 8], [10, 39], [3, 11], [9, 45], [11, 45], [4, 22], [4, 40], [22, 36], [4, 37], [4, 41], [5, 12], [12, 41], [5, 13], [5, 44], [5, 46], [6, 22], [6, 38], [6, 42], [22, 42], [23, 42], [6, 12], [6, 39], [6, 43], [7, 14], [7, 43], [12, 43], [14, 39], [7, 13], [7, 45], [7, 47], [15, 45], [15, 47], [10, 16], [10, 48], [16, 48], [17, 48], [11, 49], [17, 49], [14, 19], [14, 48], [18, 48], [18, 50], [15, 49], [19, 49], [19, 51], [16, 21], [21, 52], [18, 23], [18, 53], [23, 52], [23, 53], [24, 40], [34, 40], [24, 28], [25, 28], [25, 41], [25, 29], [25, 46], [26, 34], [26, 35], [26, 42], [34, 42], [26, 28], [27, 30], [27, 43], [28, 43], [30, 43], [27, 29], [27, 31], [27, 47], [29, 47], [30, 32], [30, 50], [32, 50], [33, 50], [31, 51], [33, 51], [32, 35], [35, 53]], "coupler_contact_pts": [[[-0.09186775725276553, 0.0, 0.0], [-0.09186775725276553, 0.0013779000233351546, 0.03597361867987259]], [[-0.021828282400378374, 0.0, 0.0], [-0.021828282400378374, -0.03599655679218672, -0.000497962531469387]], [[0.9000222979948014, 0.0, 0.0], [0.9000222979947587, 0.006857718775530208, -0.035340789643819814]], [[0.9876192832405088, 0.0, 0.0], [0.9876192832405088, 0.0013396795083697732, 0.03597506716315646]], [[0.99061147981879, -0.03849324914466368, 0.037458410002595977], [0.9548242607063501, -0.04128344370113801, 0.03472187060404697]], [[2.017378858025628, 0.04023021713922237, -0.028865008799037195], [2.0171741984712046, 0.04009701867681681, 0.007134180606024887]], [[2.0221963230100672, -0.017343696422501775, 0.0069501989867222225], [1.9864151656159816, -0.020464268179667622, 0.0045067194200268945]], [[-0.024550583694793904, 1.0254515482899298, -0.039253306573656666], [-0.02322232492740217, 1.026739712716798, -0.003300886290294569]], [[-0.06102559248021122, 1.025780125286108, -0.037917513638620726], [-0.06232251176349446, 1.0278314206940466, -0.07383561851604648]], [[-0.026676459797310148, 0.9751450490731981, -0.0013246522930661087], [0.009128218644542163, 0.9728617127479408, 0.0016437303140602877]], [[0.8764342227218838, 1.0173352272484117, -0.07224929969504235], [0.8777909027428569, 1.0256214124698397, -0.03724217800117269]], [[1.0132766585658695, 1.0161025126304701, -0.0772607627515387], [1.0128634546485615, 0.9801882486091809, -0.07970950719097858]], [[0.9096220817692716, 1.0241260338475577, -0.03812182016822785], [0.910682368013109, 1.0255446656653646, -0.0021654156913120115]], [[0.9717052571172994, 0.9735623439490619, 0.012071779842053099], [1.0076474397107558, 0.9738527181949931, 0.014090068671513634]], [[1.9968695375080263, 0.9730488619623135, -0.06816747783292665], [1.9978573620817293, 0.9729075409009604, -0.03218131148961034]], [[1.930237567495359, 1.0344376036095893, 0.010319036341855603], [1.966094129706761, 1.037570345948809, 0.011021067202022339]], [[2.002534622157155, 1.0386278175766324, -0.03205161312809013], [1.9666262001391024, 1.0411838413744976, -0.032279545912786256]], [[-0.05833436636382894, -0.000830996919589877, 0.9778004160499512], [-0.060925246016361845, 0.0013606381235383713, 0.9419607147124859]], [[-0.012968202812077223, -0.002539833143969883, 0.9744163639823842], [-0.014189112971220386, -0.03847512687486243, 0.9761951550822889]], [[-0.06284230542173663, -0.05044920457928659, 0.9389310746042168], [-0.09869231455730998, -0.048951839587044965, 0.9360093917625869]], [[0.8921364233523119, -0.03663298651981939, 0.9069008206404396], [0.8906781625607989, -0.07257621074568954, 0.9055017245579425]], [[0.9928252696534423, -0.04042569752907488, 0.899390018054773], [0.9943451032999155, -0.004528084836145974, 0.9016375841935508]], [[1.026615694665334, 0.03647336516888067, 0.9747706501002488], [1.0275494117207224, 0.03388231874908043, 1.0106651523665204]], [[1.028889094959176, -0.010000378400862653, 1.007462628771755], [0.9929089599799128, -0.01105819464964819, 1.0069061446083971]], [[1.980933211290571, -0.019198734221223868, 0.9459274716197055], [1.9820633482285634, -0.018464382008909208, 0.9819022358940394]], [[1.9269887992023513, -0.01605177462025531, 0.9475578810785937], [1.924853298244244, -0.051963353249255606, 0.9462170789049146]], [[2.023153329973617, -0.021661732754350016, 0.9446514158024014], [2.0253340680087906, 0.014143024026383011, 0.9476951347205756]], [[-0.02527461521315355, 0.9701083881219434, 1.0346698170160509], [-0.025002411109430245, 0.972199841514775, 0.9987316531255798]], [[-0.07527588039465893, 0.9716184030146805, 1.0343789723353105], [-0.07418319869205492, 1.0075843050516808, 1.033256655559714]], [[0.010668759058526822, 0.9690229149794451, 1.034878890510028], [0.011752950573222676, 1.0050041677463926, 1.0352958831924017]], [[-0.023724200591419997, 1.0067443557293771, 1.000751683303736], [0.01224642216688332, 1.00538376903343, 1.0012580015361883]], [[-0.022800698583188783, 1.0083890373598337, 0.940492347534418], [0.013120212684445076, 1.0060559293144444, 0.9409870991961766]], [[1.0002816190335333, 0.9391370680677337, 1.0406352175803764], [0.9999933880338068, 0.9365081092347614, 1.076538049408312]], [[0.9517867147156681, 0.9406015915648095, 1.040353135018812], [0.9507170540264047, 0.9047033399253086, 1.0378689678030304]], [[1.0362248191182766, 0.9380516001855996, 1.0408442900611523], [1.0373085770580424, 0.974031986533825, 1.0413313235289499]], [[0.9934817906498671, 1.011297786820673, 0.9944466391868674], [0.9908237046093792, 1.010264232137954, 0.9585597868377552]], [[1.041027633020394, 1.0106176447981232, 0.9909445773539319], [1.0404793300710358, 0.9746246625440966, 0.9904907915758818]], [[0.998890560838985, 0.972632343986664, 1.0791743667189944], [1.0348080513509814, 0.9735645891699908, 1.0814252875142678]], [[0.9910231233964059, 0.9101310484598228, 0.9614288890813971], [0.9550793728467633, 0.9100019450658823, 0.9594214058221696]], [[1.8986793842258443, 0.9983489590913436, 0.9277729241851848], [1.9013352601597049, 0.9992028551006891, 0.9636646628078562]], [[1.9556519044712408, 0.997533968690133, 0.9235765259570775], [1.9549176965863122, 0.961666879976222, 0.9205743464968796]], [[2.033501724231866, 0.9964203290693543, 0.9178423782610512], [2.034136426010104, 1.0323776426478684, 0.9194760874845308]], [[1.9900989170516206, 0.9547870264001828, 0.984669243951117], [1.9541339432779816, 0.9563441091128675, 0.9843572532675353]], [[1.9934321122243581, 1.0309915755354104, 0.980754092160335], [2.029306012416634, 1.0295584697500408, 0.9834016346478075]], [[0.9682287655867534, 2.0140436258069263, -0.07571361125918674], [0.9672839329695839, 2.017066018737144, -0.039853111768195504]], [[0.9683364148164434, 1.9818252218457157, -0.0729953449705878], [1.0042885336436094, 1.9821005448043838, -0.07115584586571089]], [[0.9999557629879849, 2.01946404098579, -0.03919440244990713], [1.0025532489254465, 1.9835995471922283, -0.03746490660426938]], [[1.0007776000596853, 1.9495099946258672, 0.006226018713058834], [1.0003863537424484, 1.9854713904808396, 0.004605845954188004]], [[2.070781595796004, 1.9975674355353337, -0.030159154612434236], [2.034900501046077, 2.000118245562474, -0.028730677000945892]], [[2.0372635349391714, 1.9615140763928238, 0.02237382225083906], [2.036818836975615, 1.9974653680656675, 0.024192084379117573]], [[0.9890516692086595, 1.9000477320276263, 0.9330649434490245], [0.9874377780913468, 1.9010745637146091, 0.9690140862015243]], [[0.9887995123475516, 2.0266620278293224, 0.9294370815672982], [0.9528471096482414, 2.0265375277363935, 0.9275908573179213]], [[0.9484212021820759, 1.994415320699699, 1.0155467800015285], [0.9483993294605157, 2.030379682889507, 1.0139455002099311]], [[1.0341133138851926, 1.9948008022421306, 1.023034089947744], [1.0339293225005892, 2.0307994636127806, 1.0232864891117666]], [[2.033787278221367, 1.9536039851632279, 0.9333531473513567], [2.0697237616231408, 1.9519609635516117, 0.9319681670434568]], [[2.0698560746758505, 1.9837208901312637, 1.015247216675316], [2.0726736252016287, 1.9478815806940404, 1.0133485571327354]], [[1.9643175129036439, 1.9756626612069255, 1.0107393678041103], [1.9615993170732526, 2.011556037834711, 1.0102152670085884]], [[-0.00619902144363893, 1.9456150537301005, -0.05947987564721968], [-0.006781387569246844, 1.943676358753705, -0.02353685784901738]], [[-0.0017439702577242144, 2.0267408125720516, -0.01897490755708442], [-0.037646753567439406, 2.0288290587465605, -0.017353172601872302]], [[0.04360556700133922, 1.9903450542570424, 0.9364889184301985], [0.04047743334203435, 1.9893829462014065, 0.9723398790263161]], [[0.01012582580231125, 1.990194447368951, 0.9335636410120779], [0.009927241071587156, 2.026191658371349, 0.933983135400565]], [[0.04554832028757072, 2.067996347935104, 0.9748920281934355], [0.009655774764631642, 2.0702591675483912, 0.9765059985981104]], [[0.042668070278070624, 2.023344149311425, 0.9734424143996766], [0.006871399587305094, 2.0257495550235873, 0.9704738357676338]], [[-0.07227732583929036, -0.022844408920910997, 1.9797068319930728], [-0.06918072637746664, 0.01298420617187146, 1.9780364780179738]], [[-0.10147275179981508, 0.01209388218387275, 1.911015226868885], [-0.06561681904897432, 0.009649219565645684, 1.913108947952246]], [[1.027626105750398, -0.11697507533286666, 1.999695983702959], [1.0281461131604446, -0.11853567079033533, 1.9637335859180787]], [[1.0233984551166215, -0.03643095584246803, 1.9960928118581382], [1.0220884331513482, -0.03812825162348199, 1.960156697292341]], [[0.9794877387511108, -0.03645048934186734, 1.9976944640615346], [0.9794223906462605, -0.07238130741251392, 1.995464681151903]], [[1.9585784983833143, -0.03601494489285462, 1.961981931853298], [1.9598895251478266, -0.03484818104376153, 1.997939123597484]], [[2.029583204200346, -0.035983358745024896, 1.9593920209400548], [2.0294876250620826, -0.07185313446552977, 1.9563341718871463]], [[-0.038336503970089586, 0.9607658377532309, 2.002868944402619], [-0.039908629136071294, 0.9629800601725674, 1.9669715108043824]], [[-0.13064086454794643, 0.9675001786010039, 2.0073267933527665], [-0.13236034905003247, 0.9677348201473202, 1.9713686271091033]], [[-0.004898001005041452, 0.9583262317043274, 2.0012540283314384], [-0.0022575972189444737, 0.9942266031563941, 2.0016926805255837]], [[-0.03770988377691609, 0.9969406930943897, 1.9689699737775452], [-0.0017903616511689702, 0.9945860224728366, 1.9694644648272064]], [[0.9542822819769586, 0.8883463638018154, 1.9549303141458383], [0.9524212225292327, 0.8866087100955581, 1.9190201808558631]], [[1.0112623775870468, 0.9998455835893684, 1.9864649236633383], [1.0134672665344633, 1.0023993344642568, 2.0223064660687955]], [[0.97735712210414, 0.9989802751894116, 1.9886123509220859], [0.9782525261881673, 0.962993250792338, 1.9882486737508671]], [[0.9468157957063053, 0.9610130866033044, 1.9157103349387419], [0.9826351403656556, 0.9638124474546543, 1.9179769007002716]], [[1.0119930492932467, 0.9614575414799735, 2.025314306070066], [0.976079734434711, 0.9625871133409778, 2.0230876814302037]], [[1.915129222419277, 1.0229134992306508, 1.9292175066117443], [1.9173729138113762, 1.024116240259118, 1.9651273012158235]], [[1.9954353111515761, 1.0249630202313929, 1.9241312307075833], [1.997714891728776, 1.0248032363737642, 1.960058640698012]], [[1.9573331400342715, 1.0239906008157356, 1.9265444743097737], [1.9581543385436753, 0.9880322387687236, 1.9250207312115466]], [[1.9189610193487692, 0.9845611767554676, 1.966352907753558], [1.9548213113081603, 0.9860869850408049, 1.9691299126755233]], [[1.0487717167989319, 1.9828704982384702, 1.9502749263747619], [1.047358401678642, 1.985556744705832, 1.9861465861732577]], [[1.050216176462639, 2.022985867176114, 1.947327800649157], [1.014245441278354, 2.0242253972751882, 1.9465697505956767]], [[1.010993886313558, 1.9880367582877256, 1.9845281373070223], [1.0134296305613077, 2.0239529310012747, 1.9848358004200906]], [[1.012605592687464, 1.9876162427155106, 2.032066680963971], [1.0124173156317997, 2.0236148358143558, 2.032318988273774]], [[2.026008613396251, 2.0266201300108513, 1.962718903421051], [1.990038364751562, 2.0276332131120816, 1.9637746029079306]], [[1.9921964845864295, 1.9927514740240393, 2.030375832362002], [1.9920067556864625, 2.02874598476438, 2.029774617180754]], [[-0.03528425137324498, 2.059391593237436, 1.9379622021170264], [-0.03688112262420806, 2.059446979344887, 1.9739267658760533]], [[-0.041162237094974685, 2.010496596129503, 1.9738120635967893], [-0.07690370204352526, 2.0136294064227673, 1.9708569209359057]]], "radius": 0.01, "half_couplers": [{"pose": [[0.0, -0.038275002872059385, -0.9992672436116096, 0.0], [0.0, 0.9992672436116096, -0.038275002872059385, 0.0], [1.0, 0.0, 0.0, 0.0], [-0.09186775725276553, 0.0, 0.0, 1.0]], "at_element": 0, "to_element": 20}, {"pose": [[0.0, 0.038275002872059385, 0.9992672436116096, 0.0], [-0.9977697807154651, 0.06670035639232003, -0.0025548283993142725, 0.0], [-0.066749267344387, -0.9970386585345026, 0.03818964122254547, 0.0], [-0.09186775725276553, 0.0013779000233351546, 0.03597361867987259, 1.0]], "at_element": 20, "to_element": 0}, {"pose": [[0.0, 0.9999043292700766, 0.013832292180195478, 0.0], [0.0, -0.013832292180195478, 0.9999043292700766, 0.0], [1.0, 0.0, 0.0, 0.0], [-0.021828282400378374, 0.0, 0.0, 1.0]], "at_element": 0, "to_element": 36}, {"pose": [[0.0, -0.9999043292700766, -0.013832292180195478, 0.0], [0.996649390309448, -0.0011313760449805604, 0.08178455101087463, 0.0], [-0.0817923761472028, -0.013785945567973783, 0.9965540401347993, 0.0], [-0.021828282400378374, -0.03599655679218672, -0.000497962531469387, 1.0]], "at_element": 36, "to_element": 0}, {"pose": [[1.184238021110377e-12, -0.19049220882723733, 0.9816887074710191, 0.0], [0.0, -0.9816887074710191, -0.19049220882723733, 0.0], [1.0, 0.0, 0.0, 0.0], [0.9000222979948014, 0.0, 0.0, 1.0]], "at_element": 0, "to_element": 1}, {"pose": [[-1.184238021110377e-12, 0.19049220882723733, -0.9816887074710191, 0.0], [-0.030410407025013107, 0.9812346731233403, 0.19040410553636872, 0.0], [0.9995374966175973, 0.0298535531660532, 0.005792945605527603, 0.0], [0.9000222979947587, 0.006857718775530208, -0.035340789643819814, 1.0]], "at_element": 1, "to_element": 0}, {"pose": [[0.0, -0.037213316825945024, -0.999307344639682, 0.0], [0.0, 0.999307344639682, -0.037213316825945024, 0.0], [1.0, 0.0, 0.0, 0.0], [0.9876192832405088, 0.0, 0.0, 1.0]], "at_element": 0, "to_element": 8}, {"pose": [[0.0, 0.037213316825945024, 0.999307344639682, 0.0], [0.9971943517828912, 0.07480417753209744, -0.0027856410476097293, 0.0], [-0.07485602696042369, 0.9965036397698496, -0.037108909349940856, 0.0], [0.9876192832405088, 0.0013396795083697732, 0.03597506716315646, 1.0]], "at_element": 8, "to_element": 0}, {"pose": [[0.9940898472853216, 0.07750543767670791, 0.07601501598229031, 0.0], [0.07862538236438803, -0.031199407942840186, -0.996415900210384, 0.0], [-0.07485602696042369, 0.9965036397698496, -0.037108909349940856, 0.0], [0.99061147981879, -0.03849324914466368, 0.037458410002595977, 1.0]], "at_element": 8, "to_element": 37}, {"pose": [[-0.9940898472853216, -0.07750543767670791, -0.07601501598229031, 0.0], [0.07996898475179641, -0.9963483798844464, -0.02991433401240659, 0.0], [-0.07341891447040838, -0.03581637938403086, 0.9966578399660568, 0.0], [0.9548242607063501, -0.04128344370113801, 0.03472187060404697, 1.0]], "at_element": 37, "to_element": 8}, {"pose": [[0.0056849848479720785, 0.0036999554830527493, -0.9999769953737445, 0.0], [-0.029874300037076418, 0.9995474354390518, 0.0035285272437199566, 0.0], [0.9995374966175973, 0.0298535531660532, 0.005792945605527603, 0.0], [2.017378858025628, 0.04023021713922237, -0.028865008799037195, 1.0]], "at_element": 1, "to_element": 9}, {"pose": [[-0.0056849848479720785, -0.0036999554830527493, 0.9999769953737445, 0.0], [0.9961834632909676, 0.08707858467427117, 0.005985612478209515, 0.0], [-0.08709872796368406, 0.9961945745789571, 0.0031907940326762296, 0.0], [2.0171741984712046, 0.04009701867681681, 0.007134180606024887, 1.0]], "at_element": 9, "to_element": 1}, {"pose": [[0.9939211211890712, 0.08668255600211253, 0.06787443803966615, 0.0], [0.06733956074528234, 0.009083174796945767, -0.9976887688524116, 0.0], [-0.08709872796368406, 0.9961945745789571, 0.0031907940326762296, 0.0], [2.0221963230100672, -0.017343696422501775, 0.0069501989867222225, 1.0]], "at_element": 9, "to_element": 44}, {"pose": [[-0.9939211211890712, -0.08668255600211253, -0.06787443803966615, 0.0], [0.0887140068266381, -0.9956773135700806, -0.027504767489118342, 0.0], [-0.06519685457921494, -0.03335898270043454, 0.9973146687110185, 0.0], [1.9864151656159816, -0.020464268179667622, 0.0045067194200268945, 1.0]], "at_element": 44, "to_element": 9}, {"pose": [[-0.03689607454925794, -0.035782342938164687, -0.9986782783342748, 0.0], [0.007680484753075164, 0.9993190632273227, -0.03608905685140553, 0.0], [0.9992895925790548, -0.009001877821975628, -0.036596124915964284, 0.0], [-0.024550583694793904, 1.0254515482899298, -0.039253306573656666, 1.0]], "at_element": 2, "to_element": 20}, {"pose": [[0.03689607454925794, 0.035782342938164687, 0.9986782783342748, 0.0], [-0.9970873657768625, 0.06807009124112309, 0.03439836749879305, 0.0], [-0.066749267344387, -0.9970386585345026, 0.03818964122254547, 0.0], [-0.02322232492740217, 1.026739712716798, -0.003300886290294569, 1.0]], "at_element": 20, "to_element": 2}, {"pose": [[0.03602553466739944, -0.056980426449276256, 0.9977251083608083, 0.0], [-0.01106666232948402, -0.998334712006618, -0.056615649669930795, 0.0], [0.9992895925790548, -0.009001877821975628, -0.036596124915964284, 0.0], [-0.06102559248021122, 1.025780125286108, -0.037917513638620726, 1.0]], "at_element": 2, "to_element": 21}, {"pose": [[-0.03602553466739944, 0.056980426449276256, -0.9977251083608083, 0.0], [0.9975213476555411, -0.058333259508261945, -0.03934960999317169, 0.0], [-0.060442715221943506, -0.9966696854208018, -0.05473770491899435, 0.0], [-0.06232251176349446, 1.0278314206940466, -0.07383561851604648, 1.0]], "at_element": 21, "to_element": 2}, {"pose": [[-0.9945744324728675, 0.06342601103164726, -0.08245507501595464, 0.0], [0.07978868077779339, -0.04348625659139703, -0.9958627977324015, 0.0], [-0.066749267344387, -0.9970386585345026, 0.03818964122254547, 0.0], [-0.026676459797310148, 0.9751450490731981, -0.0013246522930661087, 1.0]], "at_element": 20, "to_element": 38}, {"pose": [[0.9945744324728675, -0.06342601103164726, 0.08245507501595464, 0.0], [0.06594939495618866, 0.9974231045923251, -0.028245844478790444, 0.0], [-0.08045107566829846, 0.03353045705057937, 0.996194425237259, 0.0], [0.009128218644542163, 0.9728617127479408, 0.0016437303140602877, 1.0]], "at_element": 38, "to_element": 20}, {"pose": [[-0.037685555912893444, -0.23017181033058412, -0.9724200412397297, 0.0], [0.0003302100798888534, 0.9731083721378729, -0.23034753533841398, 0.0], [0.9992895925790548, -0.009001877821975628, -0.036596124915964284, 0.0], [0.8764342227218838, 1.0173352272484117, -0.07224929969504235, 1.0]], "at_element": 2, "to_element": 3}, {"pose": [[0.037685555912893444, 0.23017181033058412, 0.9724200412397297, 0.0], [-0.0392637769850822, -0.9720187766321302, 0.2315984751492167, 0.0], [0.9985179791532928, -0.04690880091971827, -0.027593653326419457, 0.0], [0.8777909027428569, 1.0256214124698397, -0.03724217800117269, 1.0]], "at_element": 3, "to_element": 2}, {"pose": [[0.011477880184300696, 0.997617888110456, 0.06802064090045452, 0.0], [0.03589663535293236, -0.06839236446937653, 0.9970124954345491, 0.0], [0.9992895925790548, -0.009001877821975628, -0.036596124915964284, 0.0], [1.0132766585658695, 1.0161025126304701, -0.0772607627515387, 1.0]], "at_element": 2, "to_element": 39}, {"pose": [[-0.011477880184300696, -0.997617888110456, -0.06802064090045452, 0.0], [0.9983984617470743, -0.01520230687399067, 0.054492214552036566, 0.0], [-0.05539647865659877, -0.06728624813245562, 0.9961946551576688, 0.0], [1.0128634546485615, 0.9801882486091809, -0.07970950719097858, 1.0]], "at_element": 39, "to_element": 2}, {"pose": [[-0.029452398547609872, -0.039406443244186413, -0.9987891110993529, 0.0], [0.04576463183963461, 0.9981215840903938, -0.040729618773881975, 0.0], [0.9985179791532928, -0.04690880091971827, -0.027593653326419457, 0.0], [0.9096220817692716, 1.0241260338475577, -0.03812182016822785, 1.0]], "at_element": 3, "to_element": 8}, {"pose": [[0.029452398547609872, 0.039406443244186413, 0.9987891110993529, 0.0], [0.9967593147031498, 0.07367243824038919, -0.032299232130546696, 0.0], [-0.07485602696042369, 0.9965036397698496, -0.037108909349940856, 0.0], [0.910682368013109, 1.0255446656653646, -0.0021654156913120115, 1.0]], "at_element": 8, "to_element": 3}, {"pose": [[-0.9983946170569437, -0.00806595657667173, -0.05606361544016018, 0.0], [-0.05654293780130621, 0.08374920511013521, 0.9948813832956258, 0.0], [-0.0033293868078877282, 0.996454219213268, -0.08407082844577965, 0.0], [0.9717052571172994, 0.9735623439490619, 0.012071779842053099, 1.0]], "at_element": 10, "to_element": 39}, {"pose": [[0.9983946170569437, 0.00806595657667173, 0.05606361544016018, 0.0], [-0.011807573170123414, 0.9977011081264574, 0.06673140234605687, 0.0], [-0.05539647865659877, -0.06728624813245562, 0.9961946551576688, 0.0], [1.0076474397107558, 0.9738527181949931, 0.014090068671513634, 1.0]], "at_element": 39, "to_element": 10}, {"pose": [[-0.027439572157416135, 0.003925585132818936, -0.9996157560088691, 0.0], [0.04699909773009206, 0.9988914626613039, 0.002632609906162097, 0.0], [0.9985179791532928, -0.04690880091971827, -0.027593653326419457, 0.0], [1.9968695375080263, 0.9730488619623135, -0.06816747783292665, 1.0]], "at_element": 3, "to_element": 11}, {"pose": [[0.027439572157416135, -0.003925585132818936, 0.9996157560088691, 0.0], [0.9970995730978175, -0.0709082224637853, -0.027648965897051767, 0.0], [0.07098951477484515, 0.9974751193731056, 0.0019685079732452886, 0.0], [1.9978573620817293, 0.9729075409009604, -0.03218131148961034, 1.0]], "at_element": 11, "to_element": 3}, {"pose": [[-0.996015626393005, -0.08702062135598918, -0.0195008574110834, 0.0], [-0.01914898347321666, -0.004876580591853623, 0.9998047486352892, 0.0], [-0.08709872796368406, 0.9961945745789571, 0.0031907940326762296, 0.0], [1.930237567495359, 1.0344376036095893, 0.010319036341855603, 1.0]], "at_element": 9, "to_element": 45}, {"pose": [[0.996015626393005, 0.08702062135598918, 0.0195008574110834, 0.0], [-0.08833429697342593, 0.9927298127425265, 0.0817592249865358, 0.0], [-0.012244343966109628, -0.08315606021815802, 0.9964613116874301, 0.0], [1.966094129706761, 1.037570345948809, 0.011021067202022339, 1.0]], "at_element": 45, "to_element": 9}, {"pose": [[0.9974561737731359, -0.07100066152196816, 0.006331466283485148, 0.0], [0.006455245455237825, 0.0015140327117572536, -0.9999780185139374, 0.0], [0.07098951477484515, 0.9974751193731056, 0.0019685079732452886, 0.0], [2.002534622157155, 1.0386278175766324, -0.03205161312809013, 1.0]], "at_element": 11, "to_element": 45}, {"pose": [[-0.9974561737731359, 0.07100066152196816, -0.006331466283485148, 0.0], [-0.07022291251931692, -0.9940040119196891, -0.08381388217274868, 0.0], [-0.012244343966109628, -0.08315606021815802, 0.9964613116874301, 0.0], [1.9666262001391024, 1.0411838413744976, -0.032279545912786256, 1.0]], "at_element": 45, "to_element": 11}, {"pose": [[0.07196887608575231, -0.06087874853233308, 0.995547215782401, 0.0], [-0.04189508760201868, -0.9974391040850651, -0.057965811275285765, 0.0], [0.9965266090324798, -0.03753680352826833, -0.0743350917878454, 0.0], [-0.05833436636382894, -0.000830996919589877, 0.9778004160499512, 1.0]], "at_element": 4, "to_element": 22}, {"pose": [[-0.07196887608575231, 0.06087874853233308, -0.995547215782401, 0.0], [0.9967235674222614, -0.03255077085153063, -0.07404442897349998, 0.0], [-0.036913561464509415, -0.9976142667855694, -0.05833664102343002, 0.0], [-0.060925246016361845, 0.0013606381235383713, 0.9419607147124859, 1.0]], "at_element": 22, "to_element": 4}, {"pose": [[0.033914170368736264, 0.998202582485977, -0.04941086283932524, 0.0], [0.0760562064425214, 0.04671822662737311, 0.9960084642021704, 0.0], [0.9965266090324798, -0.03753680352826833, -0.0743350917878454, 0.0], [-0.012968202812077223, -0.002539833143969883, 0.9744163639823842, 1.0]], "at_element": 4, "to_element": 40}, {"pose": [[-0.033914170368736264, -0.998202582485977, 0.04941086283932524, 0.0], [0.9979247411383316, -0.031114187228430058, 0.056374802679105954, 0.0], [-0.054736094783919845, 0.051220227170919744, 0.9971862655774824, 0.0], [-0.014189112971220386, -0.03847512687486243, 0.9761951550822889, 1.0]], "at_element": 40, "to_element": 4}, {"pose": [[0.9958330155835726, -0.04159344813593451, 0.08115781013489305, 0.0], [-0.08339061130447645, -0.05509772933663932, 0.994992585986555, 0.0], [-0.036913561464509415, -0.9976142667855694, -0.05833664102343002, 0.0], [-0.06284230542173663, -0.05044920457928659, 0.9389310746042168, 1.0]], "at_element": 22, "to_element": 36}, {"pose": [[-0.9958330155835726, 0.04159344813593451, -0.08115781013489305, 0.0], [-0.04033128163006719, -0.9990395051132663, -0.017130526702819848, 0.0], [-0.0817923761472028, -0.013785945567973783, 0.9965540401347993, 0.0], [-0.09869231455730998, -0.048951839587044965, 0.9360093917625869, 1.0]], "at_element": 36, "to_element": 22}, {"pose": [[0.04050725417711706, 0.9984231408648166, 0.03886378963334658, 0.0], [0.07275905338346417, -0.04173991095480009, 0.9964757397870898, 0.0], [0.9965266090324798, -0.03753680352826833, -0.0743350917878454, 0.0], [0.8921364233523119, -0.03663298651981939, 0.9069008206404396, 1.0]], "at_element": 4, "to_element": 37}, {"pose": [[-0.04050725417711706, -0.9984231408648166, -0.03886378963334658, 0.0], [0.9964782111802633, -0.04322520969820814, 0.07185232000101748, 0.0], [-0.07341891447040838, -0.03581637938403086, 0.9966578399660568, 0.0], [0.8906781625607989, -0.07257621074568954, 0.9055017245579425, 1.0]], "at_element": 37, "to_element": 4}, {"pose": [[-0.04221760055940124, -0.997155890858779, -0.062432391662034244, 0.0], [-0.07178016225416041, 0.06535378876940033, -0.9952770923718937, 0.0], [0.9965266090324798, -0.03753680352826833, -0.0743350917878454, 0.0], [0.9928252696534423, -0.04042569752907488, 0.899390018054773, 1.0]], "at_element": 4, "to_element": 41}, {"pose": [[0.04221760055940124, 0.997155890858779, 0.062432391662034244, 0.0], [-0.9990156654584198, 0.042982731380028484, -0.010962890667283526, 0.0], [-0.013615225729944523, -0.061908110363241856, 0.9979889836564206, 0.0], [0.9943451032999155, -0.004528084836145974, 0.9016375841935508, 1.0]], "at_element": 41, "to_element": 4}, {"pose": [[-0.02593657844747171, 0.07197349383345027, -0.9970692604246931, 0.0], [0.06021161192015514, 0.9957063967547733, 0.07030884191623875, 0.0], [0.9978486136125133, -0.058211576572296524, -0.030158857149313874, 0.0], [1.026615694665334, 0.03647336516888067, 0.9747706501002488, 1.0]], "at_element": 5, "to_element": 12}, {"pose": [[0.02593657844747171, -0.07197349383345027, 0.9970692604246931, 0.0], [0.9992002233806011, 0.03223139959058498, -0.023665385620970054, 0.0], [-0.03043365726618018, 0.9968856268729319, 0.07275190333981979, 0.0], [1.0275494117207224, 0.03388231874908043, 1.0106651523665204, 1.0]], "at_element": 12, "to_element": 5}, {"pose": [[0.9994486708560844, 0.029383798711928102, 0.015457900803902245, 0.0], [0.013272031849390775, 0.07318223355035378, -0.9972302712328636, 0.0], [-0.03043365726618018, 0.9968856268729319, 0.07275190333981979, 0.0], [1.028889094959176, -0.010000378400862653, 1.007462628771755, 1.0]], "at_element": 12, "to_element": 41}, {"pose": [[-0.9994486708560844, -0.029383798711928102, -0.015457900803902245, 0.0], [0.030281676841433992, -0.9976492260531803, -0.0614739115654877, 0.0], [-0.013615225729944523, -0.061908110363241856, 0.9979889836564206, 0.0], [0.9929089599799128, -0.01105819464964819, 1.0069061446083971, 1.0]], "at_element": 41, "to_element": 12}, {"pose": [[-0.031392690938437114, -0.020398671405347537, -0.9992989508453115, 0.0], [0.057555566778797765, 0.9980958403669781, -0.02218220401373653, 0.0], [0.9978486136125133, -0.058211576572296524, -0.030158857149313874, 0.0], [1.980933211290571, -0.019198734221223868, 0.9459274716197055, 1.0]], "at_element": 5, "to_element": 13}, {"pose": [[0.031392690938437114, 0.020398671405347537, 0.9992989508453115, 0.0], [0.9963749967958523, 0.07844940752691666, -0.032902222094270794, 0.0], [-0.07906557225309083, 0.9967093782359893, -0.017861988151344297, 0.0], [1.9820633482285634, -0.018464382008909208, 0.9819022358940394, 1.0]], "at_element": 13, "to_element": 5}, {"pose": [[0.05931948034007369, 0.9975440068881573, 0.03724451065195321, 0.0], [0.027916725520180225, -0.038953391052475805, 0.9988509847628642, 0.0], [0.9978486136125133, -0.058211576572296524, -0.030158857149313874, 0.0], [1.9269887992023513, -0.01605177462025531, 0.9475578810785937, 1.0]], "at_element": 5, "to_element": 44}, {"pose": [[-0.05931948034007369, -0.9975440068881573, -0.03724451065195321, 0.0], [0.9961077097408492, -0.06158841282831978, 0.06305789403499129, 0.0], [-0.06519685457921494, -0.03335898270043454, 0.9973146687110185, 0.0], [1.924853298244244, -0.051963353249255606, 0.9462170789049146, 1.0]], "at_element": 44, "to_element": 5}, {"pose": [[-0.06057604598417802, -0.9945764040518713, -0.0845477330043297, 0.0], [-0.025073630860083046, 0.08619274247995842, -0.9959629130541336, 0.0], [0.9978486136125133, -0.058211576572296524, -0.030158857149313874, 0.0], [2.023153329973617, -0.021661732754350016, 0.9446514158024014, 1.0]], "at_element": 5, "to_element": 46}, {"pose": [[0.06057604598417802, 0.9945764040518713, 0.0845477330043297, 0.0], [-0.9981551520396245, 0.060009656867344094, 0.009226783806808579, 0.0], [0.004103061013038071, -0.0849506773717095, 0.9963767095353098, 0.0], [2.0253340680087906, 0.014143024026383011, 0.9476951347205756, 1.0]], "at_element": 46, "to_element": 5}, {"pose": [[-0.007561225406262654, -0.05809592990547662, 0.9982823702734481, 0.0], [-0.029795645066215477, -0.997854554983269, -0.05829671203619281, 0.0], [0.9995274120330288, -0.03018526176067746, 0.005813997505636862, 0.0], [-0.02527461521315355, 0.9701083881219434, 1.0346698170160509, 1.0]], "at_element": 6, "to_element": 22}, {"pose": [[0.007561225406262654, 0.05809592990547662, -0.9982823702734481, 0.0], [0.9992898562731244, -0.03729125412624746, 0.005398658660265495, 0.0], [-0.036913561464509415, -0.9976142667855694, -0.05833664102343002, 0.0], [-0.025002411109430245, 0.972199841514775, 0.9987316531255798, 1.0]], "at_element": 22, "to_element": 6}, {"pose": [[-0.03035227352647426, -0.9990529663413081, 0.031175470107236033, 0.0], [0.0048674517286083786, -0.03133720499777201, -0.9994970172524766, 0.0], [0.9995274120330288, -0.03018526176067746, 0.005813997505636862, 0.0], [-0.07527588039465893, 0.9716184030146805, 1.0343789723353105, 1.0]], "at_element": 6, "to_element": 38}, {"pose": [[0.03035227352647426, 0.9990529663413081, -0.031175470107236033, 0.0], [-0.9962963233474204, 0.027728665575758076, -0.08139261139562949, 0.0], [-0.08045107566829846, 0.03353045705057937, 0.996194425237259, 0.0], [-0.07418319869205492, 1.0075843050516808, 1.033256655559714, 1.0]], "at_element": 38, "to_element": 6}, {"pose": [[-0.030116432069708456, -0.9994792802291662, -0.011583130491295078, 0.0], [0.0061606098680759246, 0.011402559582273066, -0.9999160107334146, 0.0], [0.9995274120330288, -0.03018526176067746, 0.005813997505636862, 0.0], [0.010668759058526822, 0.9690229149794451, 1.034878890510028, 1.0]], "at_element": 6, "to_element": 42}, {"pose": [[0.030116432069708456, 0.9994792802291662, 0.011583130491295078, 0.0], [-0.999441287420575, 0.030279296356645367, -0.01415193312766373, 0.0], [-0.014495292977172173, -0.011150453117883265, 0.9998327629542713, 0.0], [0.011752950573222676, 1.0050041677463926, 1.0352958831924017, 1.0]], "at_element": 42, "to_element": 6}, {"pose": [[-0.9991865652742569, 0.03779417322341191, -0.014064431939893235, 0.0], [0.016235663073583644, 0.0577700197009617, -0.998197890234352, 0.0], [-0.036913561464509415, -0.9976142667855694, -0.05833664102343002, 0.0], [-0.023724200591419997, 1.0067443557293771, 1.000751683303736, 1.0]], "at_element": 22, "to_element": 42}, {"pose": [[0.9991865652742569, -0.03779417322341191, 0.014064431939893235, 0.0], [0.03763102784856082, 0.9992233323264749, 0.01168922056581276, 0.0], [-0.014495292977172173, -0.011150453117883265, 0.9998327629542713, 0.0], [0.01224642216688332, 1.00538376903343, 1.0012580015361883, 1.0]], "at_element": 42, "to_element": 22}, {"pose": [[-0.9978030758869844, 0.0648085558498522, -0.013743101510560702, 0.0], [0.01580592428823203, 0.0314249175643753, -0.9993811321580305, 0.0], [-0.06433657208670406, -0.9974027900726611, -0.032380238532221016, 0.0], [-0.022800698583188783, 1.0083890373598337, 0.940492347534418, 1.0]], "at_element": 23, "to_element": 42}, {"pose": [[0.9978030758869844, -0.0648085558498522, 0.013743101510560702, 0.0], [0.06464447564934611, 0.9978354165311645, 0.01206537542302857, 0.0], [-0.014495292977172173, -0.011150453117883265, 0.9998327629542713, 0.0], [0.01312021268444