{"line": [[[-0.10000000000000009, 0.0, 0.0], [1.1, 0.0, 0.0]], [[0.8996264505074363, -0.021185927074367283, -0.03702668791085695], [2.099424118687832, -0.007057372961979613, -0.053936430297389926]], [[-0.10009815875412587, 1.0140866904274386, 0.019222945247102885], [1.0964449447789428, 0.9338704679688468, -0.02378820495752354]], [[0.26588160111455117, 0.9901027202488483, 0.02607353082376762], [1.990040879872617, 1.0829546013494786, -0.041129295241371544]], [[-0.12069929480482133, 0.0018184123232594107, 0.9729962312294603], [1.075690739331847, -0.0659501770123907, 0.9092914078805374]], [[0.20332575107405915, -0.0014929708302451328, 0.9425623953896426], [1.9974430347380847, 0.021077204084171464, 0.9886112850242457]], [[-0.6068926199487921, 1.008792300496623, 1.0081391343406259], [0.9845011420881999, 0.8883693591902087, 1.0429272172388433]], [[-0.6062464007705379, 1.0217334236006896, 1.0233747809949194], [2.0019513660680373, 0.9747556925901097, 0.9526509816115638]], [[1.0120509961895237, -0.04186460100939016, 0.022711883285505108], [0.9187361218815787, 4.089792355740831, -0.24096991672963952]], [[1.976788903531022, -0.0890885884366821, -0.03027373607008288], [1.8758526179373605, 1.106349610823431, -0.057465242102167524]], [[0.9848487140031612, 0.9588139408163954, 0.024015832167868068], [0.8993124419576414, 4.08965788282994, -0.23620310191646277]], [[2.005222888779616, 0.8975624127210237, -0.01363047344407331], [1.9124781258940087, 2.0929964285032128, -0.061961859397313024]], [[1.0063145979516592, -0.1018478294127807, 1.0138962434245238], [0.9021259169904593, 1.0935856683771281, 1.0230324965596929]], [[2.007790751683472, -0.10261898924660584, 0.9729835632844388], [1.9123101297879344, 1.0928281871430052, 0.9306810893077601]], [[0.9802854230436614, 0.2629191244052932, 1.0358385464806321], [0.9929093640152052, 1.9703182651673037, 1.0005894494405498]], [[1.9653538653923448, 0.37653407732218347, 0.9755910554522981], [2.0667428649154633, 2.009768947147203, 0.9675467130426456]], [[4.402270128519324, 1.9956152654025936, -0.17451842324934352], [-0.0007052712490740465, 2.0485180655476736, 0.04733591692139205]], [[4.401330821780181, 1.9832527735840484, -0.19021220696572239], [0.9714062250214218, 1.9752610645520017, 0.021371486674938045]], [[1.553074922681668, 1.9764624543869806, 0.9525230167806308], [-0.012303741562901038, 2.0178797850071053, 0.9738307413619397]], [[2.0660832608953337, 2.0099083419887704, 0.987534415710126], [0.9185747803050233, 1.9174131011386655, 0.9503111359834243]], [[0.029180592102558967, 1.8441560474398264, 0.04674651817650033], [0.029835169218581203, -0.019304085874722876, 0.019721750388486337]], [[0.045444679575397995, 2.098641223417, 0.024610730496308797], [-0.05819562924766797, 0.9032076733798007, 0.03865757471550901]], [[0.002946923309120608, 1.1025341489447158, 0.9691253320579698], [-0.09986513734370783, -0.09289943184684102, 0.9499359052766545]], [[0.0066934994171296, 2.1003822137363946, 1.0398760010886172], [-0.05058367736572, 0.9017500549230022, 1.0403983784744377]], [[-0.14601362698670095, 0.006718747904328359, 2.019395649769196], [1.049440398157067, -0.08461957760400596, 2.0698633033791785]], [[0.663836355196779, -0.06245821808475793, 2.034963233608188], [1.990353558211854, 0.031571208440265064, 2.0141420463152286]], [[-0.7453788874267551, 1.0586679269472292, 2.0239783755164726], [0.9910054062893917, 0.9299702995243537, 2.0275761816788087]], [[-0.7440843039315794, 1.0763909657364368, 2.0331558001547805], [1.9430506798664184, 0.9396253534462248, 1.9182195964447328]], [[1.005746318574595, -0.10111346815890987, 2.0098077281454643], [0.9197367232149872, 1.0957971145656353, 2.0070862454490763]], [[1.9968325174917072, -0.10192148340133667, 2.002319859994118], [1.9361926428798104, 1.0942832587048827, 1.928719448516692]], [[0.9691316032621711, 0.502275670687923, 2.0272702027517764], [1.0435790458563892, 1.9565829112446356, 1.9602343349218998]], [[1.9911889362242245, 0.3506974767832025, 1.9644349259416412], [1.9787114783754605, 1.9639486029056257, 1.984369436605112]], [[1.0760839109187428, 1.9565510819513117, 1.981291678357406], [-0.12273946639104683, 1.9921688058386793, 1.9418722952999223]], [[2.1053756099816576, 1.9698617822076931, 1.973314739644933], [0.9096009830568215, 1.915869138028715, 1.888415764519606]], [[-0.019779528594717766, 1.1039556384543685, 2.005935607717581], [-0.12361941762966056, -0.09152943363799215, 2.0002154810115167]], [[-0.028664696188847483, 2.101665133816056, 1.960131888282743], [-0.1005432281341565, 0.9048450530310521, 2.0096815691612644]], [[0.01727125377334726, -0.023904925979781888, -0.09961695520087299], [-0.05768896561987891, 0.022834317459565656, 1.0971271313235755]], [[1.001047367982208, -0.03750613833607619, -0.1034013636083968], [0.9153177979593425, -0.0845298078941028, 1.0926083417556491]], [[0.013792905352521312, 1.0219331077643317, -0.10128657916024553], [-0.024354133087336027, 1.0715451917796692, 1.0970804116142512]], [[1.013677625465579, 0.9604876455695898, -0.10085784545845833], [0.9294118898322579, 0.9508965126332293, 1.096141442748169]], [[-0.020138073132351275, -0.023928851315607957, 0.3672367427678934], [0.02625978265918405, -0.026503354838236737, 2.026744421666846]], [[0.9837026368169839, -0.006839539653814786, 0.897916500580847], [0.9325401473021079, -0.09806125791238185, 2.093349893867397]], [[0.022104635371546943, 1.0222423245447128, 0.899539940782019], [-0.08078067094719676, 1.0294380779460863, 2.095099573287518]], [[1.0427451936122432, 1.0123125343402497, 0.9014714289225599], [0.9381839164689173, 1.0099157874101274, 2.0969049046652755]], [[2.0250106060348454, 0.015628483751896516, -0.09999055649191524], [1.9799920049767303, -0.0738638185235656, 1.0958206549424847]], [[1.9774572789887976, 1.0033206783168804, -0.1019820032957417], [1.9784897185150656, 0.8987370321606123, 1.093451472488371]], [[1.9771629907764598, -0.04153409065144986, 0.6411481488145809], [1.9098947981661194, 0.045872640850711965, 2.0140451522467844]], [[1.9912441009156485, 1.042338959975656, 0.8994955449692577], [1.9109896702157003, 0.9752704925256822, 2.0949289588518285]], [[0.9788221391034757, 2.0030684694075553, -0.10324660054860302], [0.9086644447032332, 1.9285265097374324, 1.09237934186189]], [[2.031980294210129, 1.9996391548162973, -0.10074004528220337], [2.045309213135071, 1.9595286715067353, 1.0985153441361493]], [[0.9429360586092813, 1.9896824990883855, 0.4221482842334614], [1.0235332429894652, 1.9381139790982578, 1.978950340049004]], [[1.955938665617042, 2.0278524981721633, 0.9016289007046023], [2.00336635412066, 1.9346941191077522, 2.097066950447581]], [[0.001841948162379814, 2.0408969611500254, -0.09877098202386336], [-0.02193771947357548, 1.9390458656770042, 1.096662362733622]], [[-0.006520800446973007, 1.999984974713767, 0.8971656259815081], [-0.10583235825092441, 1.9671675262996724, 2.092598697954231]]], "adj": [[0, 20], [0, 36], [20, 36], [0, 8], [1, 37], [8, 37], [1, 9], [1, 44], [2, 20], [2, 21], [2, 38], [20, 21], [20, 38], [2, 3], [2, 8], [2, 39], [3, 10], [8, 10], [8, 39], [10, 39], [3, 9], [3, 11], [11, 45], [4, 22], [4, 36], [4, 40], [36, 40], [4, 5], [4, 37], [5, 41], [12, 41], [5, 13], [13, 44], [44, 46], [6, 23], [22, 38], [22, 42], [23, 38], [6, 7], [6, 12], [6, 14], [7, 43], [12, 14], [12, 39], [7, 13], [7, 15], [13, 15], [15, 45], [15, 47], [10, 48], [16, 17], [17, 48], [11, 17], [17, 49], [14, 50], [18, 19], [18, 50], [19, 48], [48, 50], [15, 19], [15, 49], [19, 51], [16, 21], [16, 52], [18, 53], [23, 52], [23, 53], [24, 34], [24, 40], [24, 25], [24, 41], [25, 28], [25, 29], [25, 46], [26, 34], [26, 35], [26, 42], [35, 42], [26, 27], [26, 28], [26, 30], [27, 43], [28, 30], [28, 43], [27, 29], [29, 31], [29, 47], [30, 32], [30, 50], [32, 50], [33, 50], [31, 33], [31, 51], [33, 51], [32, 35], [32, 53]], "coupler_contact_pts": [[[0.02982849015059086, 0.0, 0.0], [0.02982849015059086, -0.00029001308927778524, 0.019997501338315904]], [[0.010982679955875763, 0.0, 0.0], [0.010982679955875763, -0.019983870452993102, 0.000780476792390461]], [[0.029835169218581203, -0.019304085874722876, 0.019721750388486337], [0.009874599093823155, -0.01929295917256746, 0.018471049602695633]], [[1.0110767014909323, 0.0, 0.0], [1.0110767014909325, 0.0012737678649495932, 0.0199587982947681]], [[0.9962179244108014, -0.020048487069246557, -0.038388031563840075], [0.9964423994014121, -0.04003201733920991, -0.03915763633833591]], [[1.0120509961895237, -0.04186460100939016, 0.022711883285505108], [0.9921115914223408, -0.042407516053047045, 0.021261287653185024]], [[1.9696751428890384, -0.008585268434872173, -0.0521077705042754], [1.9699512776196073, -0.0081072133179112, -0.03211574308591314]], [[2.023394510178002, -0.007952680951370583, -0.052864882045758455], [2.0231805843659325, 0.011990590780642463, -0.05138041807315186]], [[0.028776211841566868, 1.0054469555525392, 0.014590404309086535], [0.029475306949990565, 1.00515731766126, 0.034578967370691216]], [[-0.049591336530454555, 1.010700714213788, 0.01740741807502999], [-0.04886144932745795, 1.0108722680285123, 0.037392470696212654]], [[0.008797653532546135, 1.0067863176473824, 0.015308557102549636], [0.010106342369199495, 1.026727662726829, 0.014524649425406766]], [[0.029180592102558967, 1.8441560474398264, 0.04674651817650033], [0.023405519656741536, 1.8444317224941953, 0.02759779845871635]], [[0.02946744361088316, 1.0275427915539923, 0.03490361195146885], [0.009477887194583756, 1.0275449993327117, 0.03426720264164751]], [[0.2651298467568104, 0.9896018132410954, 0.0060943947104921126], [0.26588160111455117, 0.9901027202488483, 0.02607353082376762]], [[0.9906861260943798, 0.9409605367691342, -0.01998657974028384], [0.9898827123788754, 0.9396696367501749, -0.0399295018290291]], [[1.0066602104769489, 0.9398896345152822, -0.02056078700513808], [1.0080069857419809, 0.9598422128914738, -0.020306104447618267]], [[0.9822080780622237, 1.028679353908059, -0.0018468383841421243], [0.9828942172099077, 1.0303534678323316, 0.01806985088941071]], [[0.9187361218815787, 4.089792355740831, -0.24096991672963952], [0.8993124419576414, 4.08965788282994, -0.23620310191646277]], [[0.9894357853667922, 0.9594580050283068, -0.04119239287287901], [1.0093781924071905, 0.9599982837464945, -0.039784168573019585]], [[0.9848487140031612, 0.9588139408163954, 0.024015832167868068], [1.0047876462179435, 0.9594757874029848, 0.025424785929188842]], [[1.8791268725010388, 1.0769815022560594, -0.03680618261633106], [1.8783760251371908, 1.0764636551314506, -0.056785454435204885]], [[1.990040879872617, 1.0829546013494786, -0.041129295241371544], [1.9907726598331372, 1.0838187002029134, -0.021160813385600497]], [[1.9974689572928401, 0.9975067456077175, -0.017671221877541], [1.9775299918645999, 0.9959550385089763, -0.017789754119612367]], [[-0.09078945706809227, 0.00012419266843000099, 0.9714036060194148], [-0.0918294747115842, 0.0005341681934296627, 0.9514357269779157]], [[-0.050728546341872516, -0.0021450266747220503, 0.9692704611684947], [-0.049635896376137634, 0.017813062627817455, 0.9685594313644408]], [[-0.00224707151864445, -0.004891222366708803, 0.9666889420140512], [-0.003378086442052508, -0.02485882197992595, 0.9666895867906831]], [[-0.011958416398420546, -0.005679623534448508, 0.36703636054815114], [-0.020138073132351275, -0.023928851315607957, 0.3672367427678934]], [[0.20317638651555647, -0.01652727546830013, 0.9557506487046816], [0.20332575107405915, -0.0014929708302451328, 0.9425623953896426]], [[0.9291368739234577, -0.05764874651144192, 0.9170950403419867], [0.9279607878201332, -0.07759498042114643, 0.916226510209174]], [[0.9807129232043337, 0.008286637566019328, 0.9625152805319536], [0.9810025128400428, -0.011653807900400048, 0.9610060491672288]], [[0.9986528599910095, -0.013939064996613793, 1.0145680973804243], [0.9787522412204032, -0.015665998191342068, 1.0135846055195357]], [[1.9974430347380847, 0.021077204084171464, 0.9886112850242457], [1.9979642587040827, 0.020411768752386372, 0.9686299577539111]], [[2.0046167170414133, -0.06287908521913765, 0.9715773144018786], [1.9847021761139556, -0.06450048760536209, 0.9707062506455207]], [[1.9970762009243683, -0.039902211722288916, 0.6420199465163162], [1.9771629907764598, -0.04153409065144986, 0.6411481488145809]], [[-0.047056750264108604, 0.9664287549779013, 1.0203772221782064], [-0.04749156735017013, 0.9664582460630518, 1.0403701779164263]], [[-0.00032678563451415954, 1.0644695329832339, 0.9685143084321586], [-0.020239101198939125, 1.066193392108646, 0.9678090819718759]], [[-0.003773041052717474, 1.0243986558045661, 0.9678710797525911], [0.016076420908619937, 1.0226639352321651, 0.9695896896318055]], [[-0.04253530638383718, 1.0701772859214747, 1.0403249759914632], [-0.022568953749132925, 1.0692234789827766, 1.041000042626029]], [[-0.6068926199487921, 1.008792300496623, 1.0081391343406259], [-0.6062464007705379, 1.0217334236006896, 1.0233747809949194]], [[0.9191120360070386, 0.8933174422300789, 1.041497802535043], [0.9195636584366669, 0.8935096134901399, 1.021503389765285]], [[0.9845011420881999, 0.8883693591902087, 1.0429272172388433], [0.9849067200600011, 0.8879536182048627, 1.0229347672767215]], [[1.0356083405507321, 0.9921610455483433, 0.9788543052786302], [1.0359704493713968, 1.0121572440845716, 0.9789260686932827]], [[0.974553904853006, 0.26256600223265725, 1.016681322659818], [0.9802854230436614, 0.2629191244052932, 1.0358385464806321]], [[0.9146612674171704, 0.9497583574986461, 1.0219332779729913], [0.9345364890201082, 0.9514797949328121, 1.0233462367952593]], [[1.9222411769552044, 0.9761913980686419, 0.9548124003104451], [1.9216859394240637, 0.9754401252162623, 0.9348350206005054]], [[2.0019513660680373, 0.9747556925901097, 0.9526509816115638], [2.00249466912089, 0.9748204400252203, 0.9726442530973346]], [[1.9695491860294687, 0.3761773442315348, 0.9560407239544246], [1.9653538653923448, 0.37653407732218347, 0.9755910554522981]], [[1.998348181602354, 0.9080263298710658, 0.9729732411093807], [1.978385775717849, 0.909266188055961, 0.9730989518825952]], [[2.006360462191669, 1.0370929555093584, 0.9723375357681127], [1.9864390654934945, 1.038323401470088, 0.9710691621320027]], [[0.9564082407681854, 1.9998072084249765, -0.06250593752208156], [0.9763604711674431, 2.0004529679493386, -0.061294907707475144]], [[4.402270128519324, 1.9956152654025936, -0.17451842324934352], [4.401330821780181, 1.9832527735840484, -0.19021220696572239]], [[0.9714062250214218, 1.9752610645520017, 0.021371486674938045], [0.9714365937976567, 1.9952213896961344, 0.02261770616747838]], [[1.9215103007559784, 1.9765761721938724, -0.057254989535675316], [1.922738319194247, 1.9774776640937703, -0.037313872925737845]], [[2.0326226550447632, 1.9777336941068286, -0.04409236994414867], [2.0326173261067164, 1.9977221458375785, -0.043423773833938695]], [[0.9929093640152052, 1.9703182651673037, 1.0005894494405498], [0.9729363530789998, 1.9704874019275005, 1.0016290745948244]], [[1.553074922681668, 1.9764624543869806, 0.9525230167806308], [1.5531159207152125, 1.9685604665867604, 0.970894602482459]], [[0.9713085571892726, 1.9918550302880293, 0.9604419425777723], [0.9707712270426291, 1.971872715150864, 0.9598078535379934]], [[0.9185747803050233, 1.9174131011386655, 0.9503111359834243], [0.916933664353242, 1.937312486000247, 0.9514554756835428]], [[0.9480457487906317, 1.9703688137945277, 0.421243991486303], [0.9429360586092813, 1.9896824990883855, 0.4221482842334614]], [[2.0667428649154633, 2.009768947147203, 0.9675467130426456], [2.0660832608953337, 2.0099083419887704, 0.987534415710126]], [[2.0638179204785603, 1.9626521862646653, 0.9677787821496525], [2.043859090520259, 1.9638925002062555, 0.9680420948858636]], [[1.9609291940844351, 2.0014323691305664, 0.9841233914697746], [1.9592755657579546, 2.021298094657358, 0.9857370983102071]], [[0.042050065949783444, 2.048004349968185, 0.04518158802745165], [0.04104185271660521, 2.0478570545759833, 0.025207465721356792]], [[-0.0007052712490740465, 2.0485180655476736, 0.04733591692139205], [-0.0010305269141903661, 2.028593814708009, 0.045631897826520995]], [[-0.012303741562901038, 2.0178797850071053, 0.9738307413619397], [-0.012840537309050104, 1.997896621222512, 0.9732375617979397]], [[-0.0008294299228635005, 1.9429508328290785, 1.03994461145636], [-0.020803198723871485, 1.9439051506326743, 1.0396285994666858]], [[0.0016654061025482836, 1.995159947505976, 1.0399218581365526], [-0.018245142356997146, 1.9961106725244793, 1.0382938730484486]], [[-0.11612727618420449, 0.0044352897533330715, 2.020657341116787], [-0.11528198981464333, 0.004457480303592276, 2.0006747567671805]], [[0.027784025750987373, -0.0065602124274422025, 2.0267327447574695], [0.02625978265918405, -0.026503354838236737, 2.026744421666846]], [[0.6636097605612689, -0.05514029724140479, 2.0535749589002164], [0.663836355196779, -0.06245821808475793, 2.034963233608188]], [[0.9352717736327018, -0.07589655624951153, 2.0650435257261393], [0.9338192108436496, -0.09578071263149979, 2.0634640285744323]], [[1.0015622167586444, -0.038518710166464576, 2.02966224437015], [1.0012531434200904, -0.0385863876631094, 2.0096655568169783]], [[1.990353558211854, 0.031571208440265064, 2.0141420463152286], [1.9901281326746636, 0.030331707463263524, 1.994182549612203]], [[1.9113266168294294, 0.025969428108034043, 2.0153824635099498], [1.9098947981661194, 0.045872640850711965, 2.0140451522467844]], [[-0.02836953353119931, 1.0055245052863029, 2.025464026291611], [-0.028321313530163428, 1.0056160073718226, 2.005465074740507]], [[-0.0942332325765145, 1.010406202172817, 2.025327556027997], [-0.09425305780857718, 1.009580110265381, 2.005345421442761]], [[-0.07625841155549362, 1.009073941320696, 2.02536480004251], [-0.07478017916356783, 1.0290184061707193, 2.0253719706941764]], [[-0.09302507728770926, 1.0300267124206082, 2.0044989093996333], [-0.07313182780429872, 1.0289031211963675, 2.006217609242186]], [[-0.7453788874267551, 1.0586679269472292, 2.0239783755164726], [-0.7440843039315794, 1.0763909657364368, 2.0331558001547805]], [[0.9312997824855935, 0.9343955711391451, 2.027452471010597], [0.9313380543634538, 0.9343528481761121, 2.007453330328892]], [[0.9910054062893917, 0.9299702995243537, 2.0275761816788087], [0.9909786484170447, 0.9290507867477154, 2.0075981283266273]], [[0.9490609031331959, 0.9902158973693245, 1.960735291470533], [0.9500829760085014, 1.010188536894468, 1.9608647328913928]], [[0.962424686702542, 0.5017508917042243, 2.008436961651027], [0.9691316032621711, 0.502275670687923, 2.0272702027517764]], [[0.9259983661003983, 1.0086600154611087, 2.0072843739566264], [0.9458704944946991, 1.010091978661705, 2.0090254053231575]], [[1.9430506798664184, 0.9396253534462248, 1.9182195964447328], [1.9439682580424722, 0.9408985792361655, 1.9381569428902332]], [[1.9739007269280164, 0.3504395544938791, 1.9744868667334319], [1.9911889362242245, 0.3506974767832025, 1.9644349259416412]], [[1.9417126269426923, 0.9853939980553476, 1.9354192166309425], [1.9217921337816652, 0.9842980897528334, 1.9340203861241185]], [[1.0435790458563892, 1.9565829112446356, 1.9602343349218998], [1.0429507694039644, 1.9575354864168326, 1.9802022034422604]], [[1.0426072653999034, 1.9375994874378297, 1.9611093703021711], [1.0226648836935264, 1.9386695816798567, 1.9621772536502624]], [[1.024106113087238, 1.9580953718663037, 1.9795825585971603], [1.0235332429894652, 1.9381139790982578, 1.978950340049004]], [[1.0202415432336571, 1.9208648757395523, 1.896271149602046], [1.0192896473826363, 1.9408291601131245, 1.8969817400840472]], [[1.9787114783754605, 1.9639486029056257, 1.984369436605112], [1.9801161497357205, 1.9642059593504193, 1.9644214251689602]], [[1.9788704641208905, 1.9433928185494636, 1.9841154343014353], [1.9988541799974562, 1.9435570184105933, 1.9833353981807567]], [[1.9970763780799814, 1.9649717621643998, 1.9656255868662376], [1.9980884118093172, 1.9450611550319818, 1.9640338370407044]], [[-0.034714964740763854, 1.9895535478662008, 1.9447666929356968], [-0.035345952547498616, 1.9904182627615619, 1.964737632327302]], [[-0.09276885353133468, 1.9912783618969137, 1.9428577808110872], [-0.09334297414278692, 1.9712946362529946, 1.942261485029714]]], "radius": 0.01, "half_couplers": [{"pose": [[0.0, 0.014500941451818058, -0.9998948558208564, 0.0], [-0.0, 0.9998948558208564, 0.014500941451818058, 0.0], [1.0, 0.0, 0.0, 0.0], [0.02982849015059086, 0.0, 0.0, 1.0]], "at_element": 0, "to_element": 20}, {"pose": [[0.0, -0.014500941451818058, 0.9998948558208564, 0.0], [-0.9999999383177715, -0.00035119583255067565, -5.093205726875208e-06, 0.0], [0.0003512327626311909, -0.9998947941451132, -0.014500940557366074, 0.0], [0.02982849015059086, -0.00029001308927778524, 0.019997501338315904, 1.0]], "at_element": 20, "to_element": 0}, {"pose": [[0.0, 0.999238211698347, -0.039025584965373845, 0.0], [-0.0, 0.039025584965373845, 0.999238211698347, 0.0], [1.0, 0.0, 0.0, 0.0], [0.010982679955875763, 0.0, 0.0, 1.0]], "at_element": 0, "to_element": 36}, {"pose": [[0.0, -0.999238211698347, 0.039025584965373845, 0.0], [0.9980470393294345, 0.002437805342461177, 0.06241926297916923, 0.0], [-0.062466849494355145, 0.03894936953278962, 0.9972867387703738, 0.0], [0.010982679955875763, -0.019983870452993102, 0.000780476792390461, 1.0]], "at_element": 36, "to_element": 0}, {"pose": [[0.9980425588203974, -0.0005563429411593401, 0.06253591980426293, 0.0], [-0.06253740815527806, -0.01449452048305265, 0.9979373634939152, 0.0], [0.0003512327626311909, -0.9998947941451132, -0.014500940557366074, 0.0], [0.029835169218581203, -0.019304085874722876, 0.019721750388486337, 1.0]], "at_element": 20, "to_element": 36}, {"pose": [[-0.9980425588203974, 0.0005563429411593401, -0.06253591980426293, 0.0], [-0.00299056808695585, -0.999241030530437, 0.03883837544217393, 0.0], [-0.062466849494355145, 0.03894936953278962, 0.9972867387703738, 0.0], [0.009874599093823155, -0.01929295917256746, 0.018471049602695633, 1.0]], "at_element": 36, "to_element": 20}, {"pose": [[-1.1102561746700967e-14, -0.06369029491322743, -0.9979697121325206, 0.0], [0.0, 0.9979697121325206, -0.06369029491322743, 0.0], [1.0, 0.0, 0.0, 0.0], [1.0110767014909323, 0.0, 0.0, 1.0]], "at_element": 0, "to_element": 8}, {"pose": [[1.1102561746700967e-14, 0.06369029491322743, 0.9979697121325206, 0.0], [0.9997460825613709, 0.022488011385602944, -0.0014351819095908358, 0.0], [-0.022533761407998988, 0.9977163102193867, -0.06367412283667499, 0.0], [1.0110767014909325, 0.0012737678649495932, 0.0199587982947681, 1.0]], "at_element": 8, "to_element": 0}, {"pose": [[-0.011223971731166826, 0.9991962945570976, 0.03848100053199958, 0.0], [0.014533194027378345, -0.038316350197511576, 0.9991599689633808, 0.0], [0.9998313901503296, 0.01177379509365639, -0.01409145198877748, 0.0], [0.9962179244108014, -0.020048487069246557, -0.038388031563840075, 1.0]], "at_element": 1, "to_element": 37}, {"pose": [[0.011223971731166826, -0.9991962945570976, -0.03848100053199958, 0.0], [0.9973816530894665, 0.008437516244624362, 0.07182371753219623, 0.0], [-0.07144130835238793, -0.039186391298355515, 0.9966747544700383, 0.0], [0.9964423994014121, -0.04003201733920991, -0.03915763633833591, 1.0]], "at_element": 37, "to_element": 1}, {"pose": [[0.9969966006653154, 0.027146469982235882, 0.07253169947898165, 0.0], [0.07409458724234198, -0.06184847200793464, -0.9953314817947189, 0.0], [-0.022533761407998988, 0.9977163102193867, -0.06367412283667499, 0.0], [1.0120509961895237, -0.04186460100939016, 0.022711883285505108, 1.0]], "at_element": 8, "to_element": 37}, {"pose": [[-0.9969966006653154, -0.027146469982235882, -0.07253169947898165, 0.0], [0.029898456861591316, -0.9988631016833667, -0.037129319584121585, 0.0], [-0.07144130835238793, -0.039186391298355515, 0.9966747544700383, 0.0], [0.9921115914223408, -0.042407516053047045, 0.021261287653185024, 1.0]], "at_element": 37, "to_element": 8}, {"pose": [[-0.013806979060846821, -0.023903175729518427, -0.9996189301525142, 0.0], [-0.01210613890852754, 0.9996449449375195, -0.023736584876327214, 0.0], [0.9998313901503296, 0.01177379509365639, -0.01409145198877748, 0.0], [1.9696751428890384, -0.008585268434872173, -0.0521077705042754, 1.0]], "at_element": 1, "to_element": 9}, {"pose": [[0.013806979060846821, 0.023903175729518427, 0.9996189301525142, 0.0], [0.9963605142957314, 0.08376865772023892, -0.015765073298125803, 0.0], [-0.08411357132805128, 0.9961984993834276, -0.022659588360070537, 0.0], [1.9699512776196073, -0.0081072133179112, -0.03211574308591314, 1.0]], "at_element": 9, "to_element": 1}, {"pose": [[0.010696511422995483, -0.997184172538673, -0.07422473093073399, 0.0], [-0.01492567966415775, 0.07406148653284539, -0.9971419759989589, 0.0], [0.9998313901503296, 0.01177379509365639, -0.01409145198877748, 0.0], [2.023394510178002, -0.007952680951370583, -0.052864882045758455, 1.0]], "at_element": 1, "to_element": 44}, {"pose": [[-0.010696511422995483, 0.997184172538673, 0.07422473093073399, 0.0], [-0.9992387962028738, -0.007874595610364568, -0.038207576565453955, 0.0], [-0.03751550088176256, -0.07457691856288512, 0.9965093428620002, 0.0], [2.0231805843659325, 0.011990590780642463, -0.05138041807315186, 1.0]], "at_element": 44, "to_element": 1}, {"pose": [[-0.0349497196453039, 0.014479808221926556, -0.999284169918933, 0.0], [0.0673179953999449, 0.9976581746896169, 0.012101816818745444, 0.0], [0.9971192529442241, -0.06684685204882654, -0.03584262517052203, 0.0], [0.028776211841566868, 1.0054469555525392, 0.014590404309086535, 1.0]], "at_element": 2, "to_element": 20}, {"pose": [[0.0349497196453039, -0.014479808221926556, 0.999284169918933, 0.0], [-0.99938901021187, -0.0008577851467274043, 0.0349409569471264, 0.0], [0.0003512327626311909, -0.9998947941451132, -0.014500940557366074, 0.0], [0.029475306949990565, 1.00515731766126, 0.034578967370691216, 1.0]], "at_element": 20, "to_element": 2}, {"pose": [[-0.036495979954378324, -0.008578071457572225, -0.9992969829521343, 0.0], [0.06649239697230035, 0.9977263728403849, -0.010993001575863855, 0.0], [0.9971192529442241, -0.06684685204882654, -0.03584262517052203, 0.0], [-0.049591336530454555, 1.010700714213788, 0.01740741807502999, 1.0]], "at_element": 2, "to_element": 21}, {"pose": [[0.036495979954378324, 0.008578071457572225, 0.9992969829521343, 0.0], [-0.9955946955878319, 0.08673341772013622, 0.03561623741998319, 0.0], [-0.08636692401922162, -0.9961946250309994, 0.011705703516000178, 0.0], [-0.04886144932745795, 1.0108722680285123, 0.037392470696212654, 1.0]], "at_element": 21, "to_element": 2}, {"pose": [[-0.06543571609971961, -0.9970866708102254, 0.03919614714609081, 0.0], [-0.038358342853533366, -0.036737845115675, -0.9985884879517624, 0.0], [0.9971192529442241, -0.06684685204882654, -0.03584262517052203, 0.0], [0.008797653532546135, 1.0067863176473824, 0.015308557102549636, 1.0]], "at_element": 2, "to_element": 38}, {"pose": [[0.06543571609971961, 0.9970866708102254, -0.03919614714609081, 0.0], [-0.9973502964879172, 0.06410065438309921, -0.03440192150334177, 0.0], [-0.03178919869988112, 0.041343403346114645, 0.9986391589787474, 0.0], [0.010106342369199495, 1.026727662726829, 0.014524649425406766, 1.0]], "at_element": 38, "to_element": 2}, {"pose": [[0.28871720099314174, -0.013782014135365101, 0.9573152218245871, 0.0], [-0.9574143588260164, -0.004522911439561002, 0.2886819855582914, 0.0], [0.0003512327626311909, -0.9998947941451132, -0.014500940557366074, 0.0], [0.029180592102558967, 1.8441560474398264, 0.04674651817650033, 1.0]], "at_element": 20, "to_element": 21}, {"pose": [[-0.28871720099314174, 0.013782014135365101, -0.9573152218245871, 0.0], [0.9535109502706907, -0.08606000898056355, -0.28880883395102347, 0.0], [-0.08636692401922162, -0.9961946250309994, 0.011705703516000178, 0.0], [0.023405519656741536, 1.8444317224941953, 0.02759779845871635, 1.0]], "at_element": 21, "to_element": 20}, {"pose": [[0.9994935786996663, -0.00011039067637485745, 0.03182096717626273, 0.0], [-0.031819220192843826, -0.014504773538403865, 0.999388387350443, 0.0], [0.0003512327626311909, -0.9998947941451132, -0.014500940557366074, 0.0], [0.02946744361088316, 1.0275427915539923, 0.03490361195146885, 1.0]], "at_element": 20, "to_element": 38}, {"pose": [[-0.9994935786996663, 0.00011039067637485745, -0.03182096717626273, 0.0], [-0.0014258275330457876, -0.9991449898856818, 0.04131895693488599, 0.0], [-0.03178919869988112, 0.041343403346114645, 0.9986391589787474, 0.0], [0.009477887194583756, 1.0275449993327117, 0.03426720264164751, 1.0]], "at_element": 38, "to_element": 20}, {"pose": [[-0.03758856729124261, -0.025045916360441605, -0.9989793800087454, 0.0], [0.06588091542311351, 0.9974488460291214, -0.02748644280707211, 0.0], [0.9971192529442241, -0.06684685204882654, -0.03584262517052203, 0.0], [0.2651298467568104, 0.9896018132410954, 0.0060943947104921126, 1.0]], "at_element": 2, "to_element": 3}, {"pose": [[0.03758856729124261, 0.025045916360441605, 0.9989793800087454, 0.0], [0.05465404278891373, -0.998241088871131, 0.022970940255155295, 0.0], [0.9977975923081104, 0.053734817046730755, -0.03889131292579711, 0.0], [0.26588160111455117, 0.9901027202488483, 0.02607353082376762, 1.0]], "at_element": 3, "to_element": 2}, {"pose": [[0.04016907714158725, 0.06454241624577609, 0.9971061737582163, 0.0], [-0.06434003924108984, -0.995673528259298, 0.06704166222682498, 0.0], [0.9971192529442241, -0.06684685204882654, -0.03584262517052203, 0.0], [0.9906861260943798, 0.9409605367691342, -0.01998657974028384, 1.0]], "at_element": 2, "to_element": 8}, {"pose": [[-0.04016907714158725, -0.06454241624577609, -0.9971061737582163, 0.0], [-0.9989387743192275, -0.019910821865761125, 0.04153172683900042, 0.0], [-0.022533761407998988, 0.9977163102193867, -0.06367412283667499, 0.0], [0.9898827123788754, 0.9396696367501749, -0.0399295018290291, 1.0]], "at_element": 8, "to_element": 2}, {"pose": [[-0.0673401058013001, -0.9976488087858741, -0.012734381759470647, 0.0], [-0.034907098971721284, 0.015111343397889221, -0.9992763090067177, 0.0], [0.9971192529442241, -0.06684685204882654, -0.03584262517052203, 0.0], [1.0066602104769489, 0.9398896345152822, -0.02056078700513808, 1.0]], "at_element": 2, "to_element": 39}, {"pose": [[0.0673401058013001, 0.9976488087858741, 0.012734381759470647, 0.0], [-0.995255875954332, 0.06806594229892711, -0.0695181190577995, 0.0], [-0.07022144636110098, -0.007992610780300408, 0.997499406838856, 0.0], [1.0080069857419809, 0.9598422128914738, -0.020306104447618267, 1.0]], "at_element": 39, "to_element": 2}, {"pose": [[-0.03430918944195356, -0.08371114222116116, -0.9958992540351984, 0.0], [-0.056770100440056113, 0.9950402072805816, -0.0816831781399514, 0.0], [0.9977975923081104, 0.053734817046730755, -0.03889131292579711, 0.0], [0.9822080780622237, 1.028679353908059, -0.0018468383841421243, 1.0]], "at_element": 3, "to_element": 10}, {"pose": [[0.03430918944195356, 0.08371114222116116, 0.9958992540351984, 0.0], [0.9990406092289262, 0.024264198404459023, -0.03645695800920325, 0.0], [-0.027216550687622444, 0.9961946061607722, -0.08279834554417227, 0.0], [0.9828942172099077, 1.0303534678323316, 0.01806985088941071, 1.0]], "at_element": 10, "to_element": 3}, {"pose": [[0.9711597803693206, 0.006723477894915051, -0.23833479779085842, 0.0], [-0.2373624034914084, -0.06720832661791731, -0.9690934579502645, 0.0], [-0.022533761407998988, 0.9977163102193867, -0.06367412283667499, 0.0], [0.9187361218815787, 4.089792355740831, -0.24096991672963952, 1.0]], "at_element": 8, "to_element": 10}, {"pose": [[-0.9711597803693206, -0.006723477894915051, 0.23833479779085842, 0.0], [0.2368711471736697, 0.08689707417832061, 0.9676471248011215, 0.0], [-0.027216550687622444, 0.9961946061607722, -0.08279834554417227, 0.0], [0.8993124419576414, 4.08965788282994, -0.23620310191646277, 1.0]], "at_element": 10, "to_element": 8}, {"pose": [[-0.9971520179114686, -0.027014793800175265, -0.07041345106597269, 0.0], [-0.07197279188619542, 0.061906100169098754, 0.9954835769564256, 0.0], [-0.022533761407998988, 0.9977163102193867, -0.06367412283667499, 0.0], [0.9894357853667922, 0.9594580050283068, -0.04119239287287901, 1.0]], "at_element": 8, "to_element": 39}, {"pose": [[0.9971520179114686, 0.027014793800175265, 0.07041345106597269, 0.0], [-0.02751002809961688, 0.9996030807719873, 0.006072830074162299, 0.0], [-0.07022144636110098, -0.007992610780300408, 0.997499406838856, 0.0], [1.0093781924071905, 0.9599982837464945, -0.039784168573019585, 1.0]], "at_element": 39, "to_element": 8}, {"pose": [[-0.9969662892141999, -0.03309298253052583, -0.07044907861500051, 0.0], [-0.07292103632790944, 0.08062977839122705, 0.994073116675753, 0.0], [-0.027216550687622444, 0.9961946061607722, -0.08279834554417227, 0.0], [0.9848487140031612, 0.9588139408163954, 0.024015832167868068, 1.0]], "at_element": 10, "to_element": 39}, {"pose": [[0.9969662892141999, 0.03309298253052583, 0.07044907861500051, 0.0], [-0.03357330250992862, 0.9994203183246521, 0.005644526413073338, 0.0], [-0.07022144636110098, -0.007992610780300408, 0.997499406838856, 0.0], [1.0047876462179435, 0.9594757874029848, 0.025424785929188842, 1.0]], "at_element": 39, "to_element": 10}, {"pose": [[0.037542216155146475, 0.025892251372836256, 0.998959545389605, 0.0], [0.05468589205909013, -0.99821949527937, 0.023817901962626765, 0.0], [0.9977975923081104, 0.053734817046730755, -0.03889131292579711, 0.0], [1.8791268725010388, 1.0769815022560594, -0.03680618261633106, 1.0]], "at_element": 3, "to_element": 9}, {"pose": [[-0.037542216155146475, -0.025892251372836256, -0.998959545389605, 0.0], [-0.9957487078196995, -0.08317536381076582, 0.03957738912997809, 0.0], [-0.08411357132805128, 0.9961984993834276, -0.022659588360070537, 0.0], [1.8783760251371908, 1.0764636551314506, -0.056785454435204885, 1.0]], "at_element": 9, "to_element": 3}, {"pose": [[-0.036587971914107356, -0.04320373102046689, -0.9983960927092632, 0.0], [-0.05532888120458204, 0.9976201717401596, -0.041142530814033594, 0.0], [0.9977975923081104, 0.053734817046730755, -0.03889131292579711, 0.0], [1.990040879872617, 1.0829546013494786, -0.041129295241371544, 1.0]], "at_element": 3, "to_element": 11}, {"pose": [[0.036587971914107356, 0.04320373102046689, 0.9983960927092632, 0.0], [0.9963372888727097, 0.07568971791034201, -0.039787854986561726, 0.0], [-0.07728730240467276, 0.9961950131518243, -0.0402761549610331, 0.0], [1.9907726598331372, 1.0838187002029134, -0.021160813385600497, 1.0]], "at_element": 11, "to_element": 3}, {"pose": [[0.9969679777241055, 0.07758688853841308, 0.005926729252743628, 0.0], [0.009029079671601768, -0.03969597584597646, -0.999171008997919, 0.0], [-0.07728730240467276, 0.9961950131518243, -0.0402761549610331, 0.0], [1.9974689572928401, 0.9975067456077175, -0.017671221877541, 1.0]], "at_element": 11, "to_element": 45}, {"pose": [[-0.9969679777241055, -0.07758688853841308, -0.005926729252743628, 0.0], [0.07780816899648553, -0.9931689798888695, -0.08695554165156275, 0.0], [0.0008603662718899748, -0.08715303846355679, 0.9961945631534274, 0.0], [1.9775299918645999, 0.9959550385089763, -0.017789754119612367, 1.0]], "at_element": 45, "to_element": 11}, {"pose": [[0.05200309820085678, -0.02049964980874927, 0.9984364987996136, 0.0], [-0.057473799695547084, -0.9981936042222064, -0.017501166773603284, 0.0], [0.9969916951138904, -0.0564738244463751, -0.05308735279076911, 0.0], [-0.09078945706809227, 0.00012419266843000099, 0.9714036060194148, 1.0]], "at_element": 4, "to_element": 22}, {"pose": [[-0.05200309820085678, 0.02049964980874927, -0.9984364987996136, 0.0], [0.9949649129017122, -0.08471117018938056, -0.05356155094500339, 0.0], [-0.08567671721069037, -0.9961946506596308, -0.015991188984429416, 0.0], [-0.0918294747115842, 0.0005341681934296627, 0.9514357269779157, 1.0]], "at_element": 22, "to_element": 4}, {"pose": [[-0.05463080640110109, -0.997873561538624, 0.035550389226943854, 0.0], [-0.054982132242184914, -0.03254323792466988, -0.9979568641977875, 0.0], [0.9969916951138904, -0.0564738244463751, -0.05308735279076911, 0.0], [-0.050728546341872516, -0.0021450266747220503, 0.9692704611684947, 1.0]], "at_element": 4, "to_element": 36}, {"pose": [[0.05463080640110109, 0.997873561538624, -0.035550389226943854, 0.0], [-0.996550735139067, 0.05226185793884452, -0.06446185304942015, 0.0], [-0.062466849494355145, 0.03894936953278962, 0.9972867387703738, 0.0], [-0.049635896376137634, 0.017813062627817455, 0.9685594313644408, 1.0]], "at_element": 36, "to_element": 4}, {"pose": [[0.056551860996253436, 0.9983996624491002, -3.223946714065674e-05, 0.0], [0.05300421579262772, -0.0029700461146885096, 0.9985898717362827, 0.0], [0.9969916951138904, -0.0564738244463751, -0.05308735279076911, 0.0], [-0.00224707151864445, -0.004891222366708803, 0.9666889420140512, 1.0]], "at_element": 4, "to_element": 40}, {"pose": [[-0.056551860996253436, -0.9983996624491002, 3.223946714065674e-05, 0.0], [0.998008419076377, -0.05653060384608912, -0.027990824951530928, 0.0], [0.027947852699825363, -0.0015507579821983349, 0.9996081795779532, 0.0], [-0.003378086442052508, -0.02485882197992595, 0.9666895867906831, 1.0]], "at_element": 40, "to_element": 4}, {"pose": [[0.4089924215832786, 0.912482773424958, -0.010019345794141163, 0.0], [-0.910397216494935, 0.4072568413368312, -0.07292992103808621, 0.0], [-0.062466849494355145, 0.03894936953278962, 0.9972867387703738, 0.0], [-0.011958416398420546, -0.005679623534448508, 0.36703636054815114, 1.0]], "at_element": 36, "to_element": 40}, {"pose": [[-0.4089924215832786, -0.912482773424958, 0.010019345794141163, 0.0], [0.9121097064590975, -0.4091121892004432, -0.026136182405237744, 0.0], [0.027947852699825363, -0.0015507579821983349, 0.9996081795779532, 0.0], [-0.020138073132351275, -0.023928851315607957, 0.3672367427678934, 1.0]], "at_element": 40, "to_element": 36}, {"pose": [[-0.007468389886179913, -0.7517315341081249, 0.6594269662213952, 0.0], [-0.07714779988073689, -0.6570467318082123, -0.7498918650003539, 0.0], [0.9969916951138904, -0.0564738244463751, -0.05308735279076911, 0.0], [0.20317638651555647, -0.01652727546830013, 0.9557506487046816, 1.0]], "at_element": 4, "to_element": 5}, {"pose": [[0.007468389886179913, 0.7517315341081249, -0.6594269662213952, 0.0], [-0.027578785271462822, 0.6593493542179522, 0.7513307125995315, 0.0], [0.9995917335369761, 0.01257496400840611, 0.025656120609518402, 0.0], [0.20332575107405915, -0.0014929708302451328, 0.9425623953896426, 1.0]], "at_element": 5, "to_element": 4}, {"pose": [[0.05880505711903582, 0.9973244484857806, 0.04342706195174561, 0.0], [0.05049282257073913, -0.04641822492224637, 0.9976451389466638, 0.0], [0.9969916951138904, -0.0564738244463751, -0.05308735279076911, 0.0], [0.9291368739234577, -0.05764874651144192, 0.9170950403419867, 1.0]], "at_element": 4, "to_element": 37}, {"pose": [[-0.05880505711903582, -0.9973244484857806, -0.04342706195174561, 0.0], [0.9957098496641107, -0.061712001989444515, 0.0689458054730592, 0.0], [-0.07144130835238793, -0.039186391298355515, 0.9966747544700383, 0.0], [0.9279607878201332, -0.07759498042114643, 0.916226510209174, 1.0]], "at_element": 37, "to_element": 4}, {"pose": [[-0.01447978935992685, 0.9970434521588677, 0.07546317119774279, 0.0], [-0.024631320399746696, -0.07580385733796802, 0.996818475585224, 0.0], [0.9995917335369761, 0.01257496400840611, 0.025656120609518402, 0.0], [0.9807129232043337, 0.008286637566019328, 0.9625152805319536, 1.0]], "at_element": 5, "to_element": 41}, {"pose": [[0.01447978935992685, -0.9970434521588677, -0.07546317119774279, 0.0], [0.9989857645085912, 0.011207283352873356, 0.04361008036032374, 0.0], [-0.04263540792906333, -0.07601809854880588, 0.9961944944054582, 0.0], [0.9810025128400428, -0.011653807900400048, 0.9610060491672288, 1.0]], "at_element": 41, "to_element": 5}, {"pose": [[0.9950506134221679, 0.0863483670815085, 0.049175565380831364, 0.0], [0.04833101465794868, 0.01184547631590022, -0.9987611314588603, 0.0], [-0.08682390080099993, 0.9961945814915906, 0.0076135442793075665, 0.0], [0.9986528599910095, -0.013939064996613793, 1.0145680973804243, 1.0]], "at_element": 12,