{"line": [[[0.8205666527683252, -1.0135044436589122, 0.30612796399973513], [1.169794201151042, -0.076467198261299, 0.30497896954770465]], [[1.7098585185729749, -0.7157800646642736, 0.3659137035504009], [0.7236995979299988, -0.8812107623969913, 0.3770162926154108]], [[1.0601425280565153, -0.06496862979746232, 0.2633694186403445], [1.7384605308289531, -0.7982181899624538, 0.3105898552399518]], [[1.1152717359944753, -0.6289215432477147, 1.0399560044197396], [1.704970205468093, -0.8086016565927223, 0.2525737770556735]], [[1.2359872430242542, -0.5648368384259432, 1.0144247262356114], [0.738343715092513, -0.972116757417124, 0.2486088301521029]], [[1.22427500180302, -0.6845937703064955, 1.0202619319461925], [1.1784465414105147, -0.09637311186179431, 0.21286103449998872]], [[1.3751795221703023, -1.374691324724108, 0.8154489719087641], [0.7762064726760197, -0.7931453574191639, 0.264962301869537]], [[1.6484987246660034, -0.6498152317440677, 0.24212188689554398], [1.229773117416863, -1.4238988809885456, 0.7169517193683896]], [[1.3475653886994208, -1.4250479876465436, 0.6447317478042773], [1.108889792819939, -0.4778609958804996, 0.8589063554513247]], [[1.9018252153264563, -0.8893821434770046, 1.1057193943942516], [1.59992635089545, -0.726062665207815, 0.16647298174571312]], [[1.9734552808453598, -0.9404624769843282, 1.0017617058921033], [1.0208380291943027, -0.6484470337394419, 0.9166303205910346]], [[1.9708350444655212, -0.8009183566335222, 0.9877228924649493], [1.2790852487831272, -1.404124726434841, 0.5907036289468163]], [[1.3511822058249996, -1.031198843333179, 1.5178076397050795], [1.3474985125330583, -1.313254496098864, 0.5584166666671556]], [[1.1754245331616435, -1.114214602902431, 1.4437688607117485], [1.9049305137403987, -0.8659372933094569, 0.8064468056712034]], [[1.364256834227305, -1.1876538090239013, 1.5191893537918744], [1.0810117574591007, -0.5323041427621277, 0.8189829260741933]], [[1.9367807126628935, -1.6230360438054663, 1.0708310048816405], [1.2057724049622596, -1.0545420894209356, 1.4482452042712421]], [[1.80814736702282, -0.7426028133685212, 0.8998153190318867], [1.7619026795140285, -1.7043797599112016, 1.1697162897160471]], [[1.899253972435738, -1.6036301107501412, 1.262411429297266], [1.153882339777472, -1.2070381272141495, 0.7265607711626145]], [[1.4256019535845728, -0.9838689125444409, 1.3989923152196548], [1.116772776592786, -1.8766170883389406, 1.0709294644514387]], [[1.0000322252618714, -1.8291430281797332, 1.1958804651328792], [1.9760812081072734, -1.631932917556366, 1.1040297419219203]], [[1.3563255410457702, -1.1358736570512193, 0.65050676967133], [1.032246457949398, -1.8523653488464793, 1.268254617492576]], [[1.8955979406971863, -1.4389498634305575, 1.2101119809151273], [1.4897178209461313, -1.9602551228556475, 0.45944417496724405]], [[1.588737348167863, -1.9621843359089224, 0.4957239368896258], [1.0525039588520682, -1.611705561961538, 1.263590058811431]], [[1.5878907607392763, -2.0903103300094035, 0.6572019026763243], [1.3587487021937412, -1.1183594343028382, 0.7101676778591773]], [[0.7631879901707584, -1.7659477876106344, 0.42335977639899486], [1.1985136499790037, -1.746425654833948, 1.3234211388873338]], [[0.7167667383353488, -1.6946559746682304, 0.5137349725965168], [1.653302177122033, -1.9743492964691831, 0.7250948969828134]], [[0.7108892272389629, -1.8502996724123182, 0.5483055926049878], [1.3609441776467404, -1.1311919465232632, 0.7938919114768135]], [[1.018299009786034, -2.47294409581014, 1.0003028531757772], [0.864798045769609, -1.608295294494435, 0.5219516177542067]], [[0.9770907886096556, -2.5064314726967107, 0.8288498279020166], [1.2210368505185125, -1.617304793089691, 1.2160759459392123]], [[0.8911102069543383, -2.4576827399950147, 0.9142164258147176], [1.5609972089536956, -1.80864590894957, 0.553657697590313]], [[1.1600666320146995, -2.3969356983371597, 0.07097630532964483], [0.7027941082985287, -1.6749308577955415, 0.5902169521291001]], [[1.036677875539417, -2.378078174421282, 0.08758037238523475], [1.6144329983742791, -1.948923087045582, 0.7818605240658287]], [[1.042461100967701, -2.3829849286078044, 1.0378194215981293], [1.1223869218644584, -2.239992292192684, 0.05132818033694497]], [[1.532264560693285, -1.7903337076858654, 0.6275888377831371], [1.6422722788630373, -2.784264389589139, 0.6279074509932466]], [[1.6836474869618168, -2.705187414656039, 0.4903742615817231], [0.8281872370784907, -2.3796844094745904, 0.8931590111532565]], [[1.661939995111994, -2.7076889086962863, 0.700089672457466], [0.9794637257324845, -2.2213613515479222, 0.15446008299962466]], [[0.9907722025652941, -2.364237865370299, 0.2490342463306407], [1.9552372252030585, -2.2027323430076944, 0.03993334639303092]], [[1.5545959302884769, -2.757252069951383, 0.6937154232496989], [1.9523589396008492, -2.19366236946833, -0.030267475672774102]], [[1.896949294656931, -2.313455437985154, -0.028893377371921214], [1.5393483757234308, -1.8649004182842563, 0.7902036724817841]]], "adj": [[1, 9], [2, 7], [2, 9], [3, 9], [7, 9], [0, 6], [1, 4], [1, 6], [0, 2], [2, 5], [3, 5], [3, 14], [4, 5], [4, 8], [8, 14], [10, 14], [6, 20], [7, 8], [8, 11], [8, 12], [8, 20], [11, 23], [17, 20], [17, 26], [9, 10], [9, 11], [11, 13], [13, 16], [12, 13], [12, 14], [13, 15], [15, 18], [15, 16], [15, 17], [15, 21], [16, 19], [18, 22], [19, 20], [19, 28], [20, 22], [20, 24], [21, 22], [21, 33], [22, 25], [22, 29], [23, 25], [23, 33], [25, 31], [25, 38], [24, 25], [24, 26], [24, 27], [24, 30], [27, 28], [28, 29], [28, 32], [28, 34], [30, 31], [30, 32], [30, 35], [31, 36], [32, 35], [33, 35], [33, 37], [34, 35], [36, 37], [36, 38]], "coupler_contact_pts": [[[1.655972450555843, -0.7248195912999345, 0.36652037541332266], [1.6616981892642497, -0.7594796322876188, 0.35865316003141107]], [[1.6340603845540416, -0.6853635096733314, 0.30332214235600224], [1.6222769754426167, -0.6982904789632698, 0.2718570370161273]], [[1.6725265994026866, -0.7269447960371008, 0.3059999298422009], [1.6461507463404617, -0.7510688677373158, 0.310283054302302]], [[1.6423902488201716, -0.789533651017498, 0.33613232130248305], [1.6550342984577648, -0.7558746396957813, 0.33792093387326066]], [[1.6087136837625395, -0.7233644704692026, 0.2872376476230146], [1.634837934750121, -0.744948929226867, 0.2750874343279693]], [[0.8722991588368537, -0.8746972813704279, 0.3059577587489247], [0.8526058291339935, -0.8673218795353759, 0.3351771927819057]], [[0.8243368175443418, -0.8643286097234377, 0.37588327675900635], [0.829991067603757, -0.8971110068919098, 0.38964351752918136]], [[0.8627453406615192, -0.8578854810905647, 0.3754508575618186], [0.866235886321919, -0.8805553710897391, 0.34770390796576967]], [[1.1410418285055173, -0.15361473197442588, 0.30507356780264017], [1.1427918157393546, -0.15431102317887868, 0.2691229670248469]], [[1.1591032499686558, -0.17194339018876303, 0.27025847137933146], [1.182566898893844, -0.14925901226328087, 0.2854530504949948]], [[1.1948292155750182, -0.6531625709736898, 0.9337285869880559], [1.220163958104825, -0.6318274148510391, 0.9478340052182398]], [[1.16333942592649, -0.6435676860178096, 0.9757746528949529], [1.1393664768312293, -0.6673205967166658, 0.9632408600804541]], [[1.1884646443789113, -0.6037301406396122, 0.9412929372680031], [1.2190979243222375, -0.6181445835242342, 0.9290527364303027]], [[1.125270734886012, -0.6554491099306874, 0.8440448114329117], [1.1507300658473596, -0.6439046259277199, 0.8213611509385933]], [[1.12688983940983, -0.5492943986894592, 0.842754084408226], [1.0925607971068043, -0.5590253813627207, 0.8475331550404188]], [[1.1273302426873146, -0.6810911737352204, 0.9261470804888052], [1.133600183780933, -0.653979011863024, 0.9489860828960108]], [[1.2955902717383763, -1.297417718393091, 0.7423024063359381], [1.2940587473285199, -1.2735364767151227, 0.7691974838082936]], [[1.2919136050277729, -1.3090218957196131, 0.6464851493491521], [1.3180754288442131, -1.3080167249419146, 0.6711944473452287]], [[1.3311425220888389, -1.3598736426795504, 0.6594687425933768], [1.3413456485690785, -1.3498336085022158, 0.6264370375052946]], [[1.3133012225305765, -1.289070229387474, 0.6754785626117326], [1.3479368847916577, -1.2796888966435098, 0.6725875148891743]], [[1.2936465957698648, -1.2110706051394922, 0.6931155646663965], [1.3237515697286149, -1.207889967374396, 0.712598097762936]], [[1.4138788734045653, -1.2865845789888262, 0.6680663775998189], [1.3996205761723939, -1.2917254884218947, 0.7007202176146626]], [[1.2777924250391375, -1.2729673152069636, 0.8156402287483389], [1.2831847011378268, -1.2975774104199143, 0.7899251980662728]], [[1.2311169494822762, -1.2481325634904759, 0.7820850420467826], [1.2495329894287996, -1.2544379061882789, 0.7518015257664722]], [[1.8658820747896185, -0.8699378339699244, 0.9938956355597353], [1.8555783971123088, -0.9043284783694873, 0.9912275460395759]], [[1.8503632534943857, -0.8615425529804875, 0.9456145754187744], [1.8763260767041074, -0.8833302513862991, 0.9334809092931565]], [[1.8245745308904726, -0.9284576403305266, 0.9037788974774743], [1.8055904436157315, -0.8997463175010922, 0.8932337811384865]], [[1.778530822724412, -0.9089556866527648, 0.9168740166597797], [1.8004722229272556, -0.9022271302395953, 0.9446102771801033]], [[1.3504044865193092, -1.0907478092894005, 1.3152563352658717], [1.3325448467299994, -1.0607408689322066, 1.3065030345254351]], [[1.3507225579376783, -1.066393490288299, 1.3980957096057767], [1.3166456099901582, -1.0774947895975446, 1.4014902727602205]], [[1.227238791532642, -1.0965803339459232, 1.3985021041606809], [1.248437227557141, -1.0877218678920872, 1.4262176709421122]], [[1.3682291476404396, -1.1808822077050232, 1.3643699858538376], [1.3623043389409177, -1.166846539709406, 1.3317525676378463]], [[1.7913069360747107, -1.5099033178970547, 1.1459380431257191], [1.7709120936310638, -1.5170058740356969, 1.117134041970917]], [[1.7761445180103257, -1.4981117378115056, 1.1537662877767003], [1.7562711162265114, -1.5275528198108215, 1.1596204801321621]], [[1.8292564140573053, -1.539416045150476, 1.1263450074526968], [1.8378893265338445, -1.5130697885353768, 1.103380961901782]], [[1.76377540709554, -1.6654315841945846, 1.1587863641547407], [1.762466473387477, -1.6750936463776416, 1.1241318763612511]], [[1.1792184339953118, -1.6961022572098994, 1.1372641954671963], [1.1568169754518804, -1.679883894182333, 1.1142177274378404]], [[1.0616129570262332, -1.8167006783213129, 1.1900854334819804], [1.0592614807683827, -1.7926390646984032, 1.2167595563308933]], [[1.183502245731238, -1.792073020763347, 1.1786150877145105], [1.1773574944018441, -1.77650589093687, 1.146741817832889]], [[1.1128947427433056, -1.6740637273401338, 1.1145257687007635], [1.1429666316056608, -1.6708313964701589, 1.1340509008813107]], [[1.0884195661201654, -1.7281747811550034, 1.161179466741169], [1.1142354971818154, -1.75020509960595, 1.149171109454079]], [[1.5359163549530002, -1.9009185414771823, 0.5448875127247468], [1.5417913026621752, -1.9315006955419816, 0.5629489150805824]], [[1.5704633462671052, -1.8565469958089642, 0.608781536871004], [1.539965935659572, -1.8599163969661092, 0.6276111431253539]], [[1.4650369666962362, -1.8813345438243276, 0.6728582483543825], [1.4534704444004907, -1.914670186836623, 0.6799963153715006]], [[1.5000590431862326, -1.9042247529643572, 0.6227079470269409], [1.4754174393660686, -1.8915620161273083, 0.5997199928612429]], [[1.55182768528198, -1.937341736137374, 0.6655378177815552], [1.5428160898322538, -1.9413529788851913, 0.7001600892989106]], [[1.5731677814159497, -2.027859931197381, 0.6606050928973205], [1.5587318446214167, -2.02946825206594, 0.6276654944617368]], [[1.5878745563481724, -1.9548095462003816, 0.7103290094287298], [1.5754152359579434, -1.9779053852151354, 0.7349734313547638]], [[1.5691438260578476, -1.9492156733390986, 0.7061018060855311], [1.5813173142741623, -1.9175439576649536, 0.6940723933594604]], [[0.8227415523543206, -1.7632771144672588, 0.5464902629951257], [0.8341756901632654, -1.729719783666704, 0.5402321516170696]], [[0.8352969233745902, -1.7627140701931716, 0.5724492297880048], [0.808257492787817, -1.7425883597476337, 0.5850906580768797]], [[0.8601955422988541, -1.7615974942835189, 0.6239285863757196], [0.8925244465128658, -1.7644741127909156, 0.6083547106228044]], [[0.7985942326665378, -1.764359998442795, 0.49656426169255885], [0.774587412955585, -1.7882880152727045, 0.5086944463746571]], [[0.9926213405938391, -2.3283054869917823, 0.9202841714721332], [1.0252874435983188, -2.3307658707070136, 0.9053544595718279]], [[1.0112677960240746, -2.381864226628027, 0.883100467587106], [0.9855107804671215, -2.3662203755981186, 0.8634064375214141]], [[1.0193125251037876, -2.352543059485531, 0.8958702134392121], [1.0538532834702017, -2.3626035525734057, 0.8972104402767769]], [[0.9913622754755183, -2.454415221108929, 0.8515035752691356], [0.9827629478332215, -2.438500536098341, 0.8203786114155976]], [[1.1055004930061045, -2.310779162681573, 0.13293707454865478], [1.0945311485374523, -2.3351049052157773, 0.15710183150308898]], [[1.0815435439662842, -2.272952631949332, 0.160140593390515], [1.11316987469576, -2.256482205712836, 0.16509036882866335]], [[1.0581355887881956, -2.235992928338862, 0.1867207204625445], [1.0329765378058793, -2.259494186841162, 0.19724277742046836]], [[1.132932661913603, -2.3065803553209396, 0.2032483864669623], [1.1412235972270814, -2.3390438660912185, 0.21641562224139377]], [[1.1064523093350396, -2.268500379194734, 0.24800249055100582], [1.0890907135748458, -2.299480734722053, 0.24210522328312534]], [[1.6290604989483617, -2.664894643191106, 0.6278691859725744], [1.6055284579699634, -2.6674904632936194, 0.6549894906160135]], [[1.6315818936528546, -2.6876756952816243, 0.6278764886389155], [1.6013334654825644, -2.691029739456428, 0.6086467380625014]], [[1.5014177449854698, -2.635848916865135, 0.5761752803858567], [1.5171855819782918, -2.604537981280506, 0.5843606800308702]], [[1.9220351324460632, -2.2082922349772183, 0.047131728202992385], [1.9219926652322181, -2.2366882896155773, 0.025003283126246334]], [[1.8381344913416924, -2.2223419066087087, 0.06532181197843623], [1.8472166466017623, -2.251073526342717, 0.08502094204563193]]], "radius": 0.01, "half_couplers": [{"pose": [[-0.15904856726846864, 0.9627805496020703, 0.21853413133371916, 0.0], [-0.04684161062696668, 0.2137435321959505, -0.9757661430682408, 0.0], [-0.9861589206429762, -0.1654306977327177, 0.011102589065009884, 0.0], [1.655972450555843, -0.7248195912999345, 0.36652037541332266, 1.0]], "at_element": 1, "to_element": 9}, {"pose": [[0.15904856726846864, -0.9627805496020703, -0.21853413133371916, 0.0], [-0.9399790576949664, -0.21536100233286512, 0.26468662559537676, 0.0], [-0.30189886443100633, 0.16331947826918958, -0.9392464126485385, 0.0], [1.6616981892642497, -0.7594796322876188, 0.35865316003141107, 1.0]], "at_element": 9, "to_element": 1}, {"pose": [[0.3273158944565142, 0.35908135546661435, 0.8740279660241947, 0.0], [-0.6578366000390553, -0.5774129048385604, 0.4835755835181835, 0.0], [0.6783180027724379, -0.7332495601649915, 0.04722043659960729, 0.0], [1.6340603845540416, -0.6853635096733314, 0.30332214235600224, 1.0]], "at_element": 2, "to_element": 7}, {"pose": [[-0.3273158944565142, -0.35908135546661435, -0.8740279660241947, 0.0], [0.847073297342072, -0.5213972421566985, -0.10301332341701633, 0.0], [-0.4187256072491406, -0.7740836492444779, 0.4748298324728457, 0.0], [1.6222769754426167, -0.6982904789632698, 0.2718570370161273, 1.0]], "at_element": 7, "to_element": 2}, {"pose": [[0.7326621284772207, 0.6701126851790891, -0.11897560530335344, 0.0], [0.05559579669395577, 0.1152999205547045, 0.9917736816986238, 0.0], [0.6783180027724379, -0.7332495601649915, 0.04722043659960729, 0.0], [1.6725265994026866, -0.7269447960371008, 0.3059999298422009, 1.0]], "at_element": 2, "to_element": 9}, {"pose": [[-0.7326621284772207, -0.6701126851790891, 0.11897560530335344, 0.0], [-0.6099699018398341, 0.7240688759917462, 0.32196425526687306, 0.0], [-0.30189886443100633, 0.16331947826918958, -0.9392464126485385, 0.0], [1.6461507463404617, -0.7510688677373158, 0.310283054302302, 1.0]], "at_element": 9, "to_element": 2}, {"pose": [[-0.35122357810066995, -0.9349724756375235, -0.049683679276027265, 0.0], [-0.7272535412678546, 0.3058455928545739, -0.6144597302059746, 0.0], [0.5896984694736178, -0.17968011334500766, -0.787382227364066, 0.0], [1.6423902488201716, -0.789533651017498, 0.33613232130248305, 1.0]], "at_element": 3, "to_element": 9}, {"pose": [[0.35122357810066995, 0.9349724756375235, 0.049683679276027265, 0.0], [0.8862838562455215, -0.3148860394144511, -0.3396287802004544, 0.0], [-0.30189886443100633, 0.16331947826918958, -0.9392464126485385, 0.0], [1.6550342984577648, -0.7558746396957813, 0.33792093387326066, 1.0]], "at_element": 9, "to_element": 3}, {"pose": [[-0.7256755891808552, 0.5995699104852328, 0.3375068320904758, 0.0], [-0.5459522003810009, -0.20324966522256085, -0.8127888830969949, 0.0], [-0.4187256072491406, -0.7740836492444779, 0.4748298324728457, 0.0], [1.6087136837625395, -0.7233644704692026, 0.2872376476230146, 1.0]], "at_element": 7, "to_element": 9}, {"pose": [[0.7256755891808552, -0.5995699104852328, -0.3375068320904758, 0.0], [-0.6182653272845637, -0.7834811232305537, 0.06249251650478786, 0.0], [-0.30189886443100633, 0.16331947826918958, -0.9392464126485385, 0.0], [1.634837934750121, -0.744948929226867, 0.2750874343279693, 1.0]], "at_element": 9, "to_element": 7}, {"pose": [[0.5470371235546548, -0.2048723433661201, -0.8116512233568826, 0.0], [-0.7607828237438381, 0.28282242425473797, -0.5841412255910597, 0.0], [0.3492275483827168, 0.937037245397613, -0.0011489944520304827, 0.0], [0.8722991588368537, -0.8746972813704279, 0.3059577587489247, 1.0]], "at_element": 0, "to_element": 6}, {"pose": [[-0.5470371235546548, 0.2048723433661201, 0.8116512233568826, 0.0], [0.584791989884068, 0.7872938529132761, 0.1954142209062612, 0.0], [-0.5989730494942825, 0.581545967304944, -0.550486670039227, 0.0], [0.8526058291339935, -0.8673218795353759, 0.3351771927819057, 1.0]], "at_element": 6, "to_element": 0}, {"pose": [[-0.1570624814177783, 0.9106220262631942, -0.38222886104427606, 0.0], [0.05312212502498971, -0.37868220123472973, -0.9240009904220066, 0.0], [-0.9861589206429762, -0.1654306977327177, 0.011102589065009884, 0.0], [0.8243368175443418, -0.8643286097234377, 0.37588327675900635, 1.0]], "at_element": 1, "to_element": 4}, {"pose": [[0.1570624814177783, -0.9106220262631942, 0.38222886104427606, 0.0], [-0.8530429625983327, 0.06993277393934956, 0.5171335524703534, 0.0], [-0.4976435279317414, -0.4072799189911809, -0.7658158960835088, 0.0], [0.829991067603757, -0.8971110068919098, 0.38964351752918136, 1.0]], "at_element": 4, "to_element": 1}, {"pose": [[-0.09695956301860596, 0.6297189155657938, 0.7707482925818789, 0.0], [-0.13449693816411173, 0.7590038021158441, -0.6370430142448561, 0.0], [-0.9861589206429762, -0.1654306977327177, 0.011102589065009884, 0.0], [0.8627453406615192, -0.8578854810905647, 0.3754508575618186, 1.0]], "at_element": 1, "to_element": 6}, {"pose": [[0.09695956301860596, -0.6297189155657938, -0.7707482925818789, 0.0], [-0.7948774302486898, -0.5150324021748505, 0.3207982163155563, 0.0], [-0.5989730494942825, 0.581545967304944, -0.550486670039227, 0.0], [0.866235886321919, -0.8805553710897391, 0.34770390796576967, 1.0]], "at_element": 6, "to_element": 1}, {"pose": [[-0.04861088828059889, 0.019341474781046787, 0.998630506690971, 0.0], [0.9357762024069475, -0.3486934299509354, 0.052304788670674604, 0.0], [0.3492275483827168, 0.937037245397613, -0.0011489944520304827, 0.0], [1.1410418285055173, -0.15361473197442588, 0.30507356780264017, 1.0]], "at_element": 0, "to_element": 2}, {"pose": [[0.04861088828059889, -0.019341474781046787, -0.998630506690971, 0.0], [0.7331586926821384, 0.6796844781743517, 0.022524241906825546, 0.0], [0.6783180027724379, -0.7332495601649915, 0.04722043659960729, 0.0], [1.1427918157393546, -0.15431102317887868, 0.2691229670248469, 1.0]], "at_element": 2, "to_element": 0}, {"pose": [[-0.6517682627571018, -0.6301218382254854, -0.4220717956153013, 0.0], [0.3392385868049224, 0.2555221154991899, -0.9053317788045541, 0.0], [0.6783180027724379, -0.7332495601649915, 0.04722043659960729, 0.0], [1.1591032499686558, -0.17194339018876303, 0.27025847137933146, 1.0]], "at_element": 2, "to_element": 5}, {"pose": [[0.6517682627571018, 0.6301218382254854, 0.4220717956153013, 0.0], [0.7570322872114783, -0.5068953797088877, -0.41226107037791054, 0.0], [-0.0458284603925052, 0.5882206584447011, -0.8074008974462036, 0.0], [1.182566898893844, -0.14925901226328087, 0.2854530504949948, 1.0]], "at_element": 5, "to_element": 2}, {"pose": [[-0.7037426066062725, -0.5926430223019329, -0.3918170386339012, 0.0], [-0.39623485301962313, 0.7851683290767375, -0.4759292345163952, 0.0], [0.5896984694736178, -0.17968011334500766, -0.787382227364066, 0.0], [1.1948292155750182, -0.6531625709736898, 0.9337285869880559, 1.0]], "at_element": 3, "to_element": 5}, {"pose": [[0.7037426066062725, 0.5926430223019329, 0.3918170386339012, 0.0], [0.7089753845268973, -0.5502460405088927, -0.4411158567079906, 0.0], [-0.0458284603925052, 0.5882206584447011, -0.8074008974462036, 0.0], [1.220163958104825, -0.6318274148510391, 0.9478340052182398, 1.0]], "at_element": 5, "to_element": 3}, {"pose": [[0.665915505111245, 0.659803325116063, 0.34816104351035926, 0.0], [0.45695979599184516, -0.7296400681391557, 0.5087367844111327, 0.0], [0.5896984694736178, -0.17968011334500766, -0.787382227364066, 0.0], [1.16333942592649, -0.6435676860178096, 0.9757746528949529, 1.0]], "at_element": 3, "to_element": 14}, {"pose": [[-0.665915505111245, -0.659803325116063, -0.34816104351035926, 0.0], [-0.690165752945631, 0.3676634154989702, 0.6232935475076105, 0.0], [-0.2832450767682042, 0.6553496662617736, -0.700206427717681, 0.0], [1.1393664768312293, -0.6673205967166658, 0.9632408600804541, 1.0]], "at_element": 14, "to_element": 3}, {"pose": [[-0.85092558521639, 0.4004017287687606, 0.34000603527457, 0.0], [0.16815637820729498, 0.8208541424549949, -0.5458222323089087, 0.0], [-0.4976435279317414, -0.4072799189911809, -0.7658158960835088, 0.0], [1.1884646443789113, -0.6037301406396122, 0.9412929372680031, 1.0]], "at_element": 4, "to_element": 5}, {"pose": [[0.85092558521639, -0.4004017287687606, -0.34000603527457, 0.0], [-0.5232832890912885, -0.7026200342844425, -0.4821822132554577, 0.0], [-0.0458284603925052, 0.5882206584447011, -0.8074008974462036, 0.0], [1.2190979243222375, -0.6181445835242342, 0.9290527364303027, 1.0]], "at_element": 5, "to_element": 4}, {"pose": [[-0.7072033384227858, -0.3206799754346299, 0.6301014136461779, 0.0], [-0.5022094754495525, 0.8551534487691561, -0.12844540407077154, 0.0], [-0.4976435279317414, -0.4072799189911809, -0.7658158960835088, 0.0], [1.125270734886012, -0.6554491099306874, 0.8440448114329117, 1.0]], "at_element": 4, "to_element": 8}, {"pose": [[0.7072033384227858, 0.3206799754346299, -0.6301014136461779, 0.0], [-0.6655053704180317, 0.0010751671668768892, -0.74639228691106, 0.0], [-0.23867559587948173, 0.947186991766044, 0.21417460764704732, 0.0], [1.1507300658473596, -0.6439046259277199, 0.8213611509385933, 1.0]], "at_element": 8, "to_element": 4}, {"pose": [[0.953579105797182, 0.2703035428191599, -0.13275120988698194, 0.0], [-0.1836323743750536, 0.17254795672103612, -0.967732583781685, 0.0], [-0.23867559587948173, 0.947186991766044, 0.21417460764704732, 0.0], [1.12688983940983, -0.5492943986894592, 0.842754084408226, 1.0]], "at_element": 8, "to_element": 14}, {"pose": [[-0.953579105797182, -0.2703035428191599, 0.13275120988698194, 0.0], [-0.10226981702155692, 0.7053033458519756, 0.7014898964749143, 0.0], [-0.2832450767682042, 0.6553496662617736, -0.700206427717681, 0.0], [1.0925607971068043, -0.5590253813627207, 0.8475331550404188, 1.0]], "at_element": 14, "to_element": 8}, {"pose": [[-0.174164928670707, -0.75311516776223, -0.6344163630515811, 0.0], [-0.2493731129811616, -0.5895290705240573, 0.7682893501338708, 0.0], [-0.9526172516510572, 0.29201544324488626, -0.08513138530106878, 0.0], [1.1273302426873146, -0.6810911737352204, 0.9261470804888052, 1.0]], "at_element": 10, "to_element": 14}, {"pose": [[0.174164928670707, 0.75311516776223, 0.6344163630515811, 0.0], [0.9431006330756551, 0.05774390891732954, -0.3274550913869652, 0.0], [-0.2832450767682042, 0.6553496662617736, -0.700206427717681, 0.0], [1.133600183780933, -0.653979011863024, 0.9489860828960108, 1.0]], "at_element": 14, "to_element": 10}, {"pose": [[0.04254227146182526, -0.6633666820921641, -0.7470841988885202, 0.0], [-0.7996383189407497, -0.47090225419017506, 0.3725984780970311, 0.0], [-0.5989730494942825, 0.581545967304944, -0.550486670039227, 0.0], [1.2955902717383763, -1.297417718393091, 0.7423024063359381, 1.0]], "at_element": 6, "to_element": 20}, {"pose": [[-0.04254227146182526, 0.6633666820921641, 0.7470841988885202, 0.0], [-0.9450729617538971, 0.2158339655346096, -0.24546445014160753, 0.0], [-0.3240790830963722, -0.7164916917952598, 0.6177478478212458, 0.0], [1.2940587473285199, -1.2735364767151227, 0.7691974838082936, 1.0]], "at_element": 20, "to_element": 6}, {"pose": [[-0.7267171036156184, -0.027921401861483727, -0.6863691766320922, 0.0], [0.5445650715445929, -0.6324673108473211, -0.5508484215854581, 0.0], [-0.4187256072491406, -0.7740836492444779, 0.4748298324728457, 0.0], [1.2919136050277729, -1.3090218957196131, 0.6464851493491521, 1.0]], "at_element": 7, "to_element": 8}, {"pose": [[0.7267171036156184, 0.027921401861483727, 0.6863691766320922, 0.0], [0.6441399003664492, 0.31946392276324753, -0.6950011444656902, 0.0], [-0.23867559587948173, 0.947186991766044, 0.21417460764704732, 0.0], [1.3180754288442131, -1.3080167249419146, 0.6711944473452287, 1.0]], "at_element": 8, "to_element": 7}, {"pose": [[-0.28342022185489446, -0.2788898794386081, 0.9175474990377561, 0.0], [0.9288201859215257, 0.15829478126555352, 0.3350161555041689, 0.0], [-0.23867559587948173, 0.947186991766044, 0.21417460764704732, 0.0], [1.3311425220888389, -1.3598736426795504, 0.6594687425933768, 1.0]], "at_element": 8, "to_element": 11}, {"pose": [[0.28342022185489446, 0.2788898794386081, -0.9175474990377561, 0.0], [0.6641951505522211, -0.7472365827352354, -0.021961133966169305, 0.0], [-0.6917497956823939, -0.6032063698013189, -0.397019263518133, 0.0], [1.3413456485690785, -1.3498336085022158, 0.6264370375052946, 1.0]], "at_element": 11, "to_element": 8}, {"pose": [[-0.9621029687578945, -0.2605929118905743, 0.08030698462548105, 0.0], [0.13187811584497666, -0.1868907084410104, 0.9734885852744224, 0.0], [-0.23867559587948173, 0.947186991766044, 0.21417460764704732, 0.0], [1.3133012225305765, -1.289070229387474, 0.6754785626117326, 1.0]], "at_element": 8, "to_element": 12}, {"pose": [[0.9621029687578945, 0.2605929118905743, -0.08030698462548105, 0.0], [0.2726615262756679, -0.9233287296598726, 0.27040663651935265, 0.0], [-0.0036836932919412924, -0.282055652765685, -0.9593909730379239, 0.0], [1.3479368847916577, -1.2796888966435098, 0.6725875148891743, 1.0]], "at_element": 12, "to_element": 8}, {"pose": [[-0.8362508867043862, -0.08835121913713276, -0.5411825168675631, 0.0], [-0.49367845245432984, -0.30827076524733066, 0.8131732416134483, 0.0], [-0.23867559587948173, 0.947186991766044, 0.21417460764704732, 0.0], [1.2936465957698648, -1.2110706051394922, 0.6931155646663965, 1.0]], "at_element": 8, "to_element": 20}, {"pose": [[0.8362508867043862, 0.08835121913713276, 0.5411825168675631, 0.0], [-0.4423315525548041, 0.6919781193544698, 0.5705340304917033, 0.0], [-0.3240790830963722, -0.7164916917952598, 0.6177478478212458, 0.0], [1.3237515697286149, -1.207889967374396, 0.712598097762936, 1.0]], "at_element": 20, "to_element": 8}, {"pose": [[0.39606361985971256, 0.1428029705284793, -0.9070506714797489, 0.0], [0.6038342729565666, -0.7846970033327234, 0.1401241726600323, 0.0], [-0.6917497956823939, -0.6032063698013189, -0.397019263518133, 0.0], [1.4138788734045653, -1.2865845789888262, 0.6680663775998189, 1.0]], "at_element": 11, "to_element": 23}, {"pose": [[-0.39606361985971256, -0.1428029705284793, 0.9070506714797489, 0.0], [0.8891723826284382, 0.18686564142038295, 0.41767655671274523, 0.0], [-0.229142058545535, 0.971950895706565, 0.052965775182853045, 0.0], [1.3996205761723939, -1.2917254884218947, 0.7007202176146626, 1.0]], "at_element": 23, "to_element": 11}, {"pose": [[-0.14978566499382748, 0.6836147499808537, 0.7143074465319341, 0.0], [0.6496040207624247, 0.6126872548075436, -0.45014324831734165, 0.0], [-0.745371632658266, 0.3965919835359917, -0.5358506581346514, 0.0], [1.2777924250391375, -1.2729673152069636, 0.8156402287483389, 1.0]], "at_element": 17, "to_element": 20}, {"pose": [[0.14978566499382748, -0.6836147499808537, -0.7143074465319341, 0.0], [0.934096891367149, -0.13896233013656906, 0.32886542588305623, 0.0], [-0.3240790830963722, -0.7164916917952598, 0.6177478478212458, 0.0], [1.2831847011378268, -1.2975774104199143, 0.7899251980662728, 1.0]], "at_element": 20, "to_element": 17}, {"pose": [[-0.5115568167243081, 0.17514846015811872, 0.8412090347631394, 0.0], [0.42747017731210907, 0.9011314085632729, 0.07232863893041289, 0.0], [-0.745371632658266, 0.3965919835359917, -0.5358506581346514, 0.0], [1.2311169494822762, -1.2481325634904759, 0.7820850420467826, 1.0]], "at_element": 17, "to_element": 26}, {"pose": [[0.5115568167243081, -0.17514846015811872, -0.8412090347631394, 0.0], [-0.5619058503995471, 0.6724634528886388, -0.4817205827197457, 0.0], [0.6500549504077774, 0.7191077258890549, 0.24558631887182564, 0.0], [1.2495329894287996, -1.2544379061882789, 0.7518015257664722, 1.0]], "at_element": 26, "to_element": 17}, {"pose": [[0.28621316970153166, 0.9552953469568423, 0.07411357211745027, 0.0], [0.9093619175799429, -0.24644988963374725, -0.33514676599192006, 0.0], [-0.30189886443100633, 0.16331947826918958, -0.9392464126485385, 0.0], [1.8658820747896185, -0.8699378339699244, 0.9938956355597353, 1.0]], "at_element": 9, "to_element": 10}, {"pose": [[-0.28621316970153166, -0.9552953469568423, -0.07411357211745027, 0.0], [-0.10296792387044021, -0.04623614375246662, 0.9936094935459867, 0.0], [-0.9526172516510572, 0.29201544324488626, -0.08513138530106878, 0.0], [1.8555783971123088, -0.9043284783694873, 0.9912275460395759, 1.0]], "at_element": 10, "to_element": 9}, {"pose": [[-0.7211901333461715, 0.6052143479030287, 0.3370465615555848, 0.0], [0.6234916737370266, 0.7791292197769191, -0.06492912805829237, 0.0], [-0.30189886443100633, 0.16331947826918958, -0.9392464126485385, 0.0], [1.8503632534943857, -0.8615425529804875, 0.9456145754187744, 1.0]], "at_element": 9, "to_element": 11}, {"pose": [[0.7211901333461715, -0.6052143479030287, -0.3370465615555848, 0.0], [-0.03697312182510651, -0.5194782656891703, 0.8536833837782467, 0.0], [-0.6917497956823939, -0.6032063698013189, -0.397019263518133, 0.0], [1.8763260767041074, -0.8833302513862991, 0.9334809092931565, 1.0]], "at_element": 11, "to_element": 9}, {"pose": [[0.5273489604677504, -0.7975567130847314, 0.29292723210221056, 0.0], [-0.4933409511351658, -0.006735342945445949, 0.8698099453837356, 0.0], [-0.6917497956823939, -0.6032063698013189, -0.397019263518133, 0.0], [1.8245745308904726, -0.9284576403305266, 0.9037788974774743, 1.0]], "at_element": 11, "to_element": 13}, {"pose": [[-0.5273489604677504, 0.7975567130847314, -0.29292723210221056, 0.0], [0.4355732983016899, 0.5497832909017455, 0.7127511731676306, 0.0], [0.7295059805787552, 0.248277309592974, -0.6373220550405451, 0.0], [1.8055904436157315, -0.8997463175010922, 0.8932337811384865, 1.0]], "at_element": 13, "to_element": 11}, {"pose": [[-0.6094836536050039, -0.18690444129698058, -0.7704520788548495, 0.0], [-0.3104040919319925, 0.9504867739031082, 0.014973054035068295, 0.0], [0.7295059805787552, 0.248277309592974, -0.6373220550405451, 0.0], [1.778530822724412, -0.9089556866527648, 0.9168740166597797, 1.0]], "at_element": 13, "to_element": 16}, {"pose": [[0.6094836536050039, 0.18690444129698058, 0.7704520788548495, 0.0], [-0.7914487379897134, 0.2001295453512606, 0.5775439898501133, 0.0], [-0.04624468750879163, -0.9617769465426805, 0.26990097068416047, 0.0], [1.8004722229272556, -0.9022271302395953, 0.9446102771801033, 1.0]], "at_element": 16, "to_element": 13}, {"pose": [[0.49610043979991036, -0.833525002960255, 0.24314691663774454, 0.0], [-0.8682573259317, -0.4750586049984033, 0.14299838384717717, 0.0], [-0.0036836932919412924, -0.282055652765685, -0.9593909730379239, 0.0], [1.3504044865193092, -1.0907478092894005, 1.3152563352658717, 1.0]], "at_element": 12, "to_element": 13}, {"pose": [[-0.49610043979991036, 0.833525002960255, -0.24314691663774454, 0.0], [0.47085600551565976, 0.4935528816463157, 0.7312319571028435, 0.0], [0.7295059805787552, 0.248277309592974, -0.6373220550405451, 0.0], [1.3325448467299994, -1.0607408689322066, 1.3065030345254351, 1.0]], "at_element": 13, "to_element": 12}, {"pose": [[0.9465817827005515, 0.30836939113858886, -0.09429341052407614, 0.0], [0.3224427996764339, -0.9084893655688766, 0.26585280435813263, 0.0], [-0.0036836932919412924, -0.282055652765685, -0.9593909730379239, 0.0], [1.3507225579376783, -1.066393490288299, 1.3980957096057767, 1.0]], "at_element": 12, "to_element": 14}, {"pose": [[-0.9465817827005515, -0.30836939113858886, 0.09429341052407614, 0.0], [-0.15412707466898995, 0.689510792910015, 0.7076861672482951, 0.0], [-0.2832450767682042, 0.6553496662617736, -0.700206427717681, 0.0], [1.3166456099901582, -1.0774947895975446, 1.4014902727602205, 1.0]], "at_element": 14, "to_element": 12}, {"pose": [[-0.5888457284780324, -0.24606861990387144, -0.7698772255053266, 0.0], [-0.34796800478349194, 0.936914410092981, -0.03331149662079394, 0.0], [0.7295059805787552, 0.248277309592974, -0.6373220550405451, 0.0], [1.227238791532642, -1.0965803339459232, 1.3985021041606809, 1.0]], "at_element": 13, "to_element": 15}, {"pose": [[0.5888457284780324, 0.24606861990387144, 0.7698772255053266, 0.0], [0.34480075714219033, 0.7850253869314316, -0.514633442119076, 0.0], [-0.7310083077006341, 0.5684939543845308, 0.37741419938960175, 0.0], [1.248437227557141, -1.0877218678920872, 1.4262176709421122, 1.0]], "at_element": 15, "to_element": 13}, {"pose": [[0.1645780635417717, -0.38987977104143534, 0.9060396377275767, 0.0], [0.6622242181266823, 0.7244366003736402, 0.19144371748789996, 0.0], [-0.7310083077006341, 0.5684939543845308, 0.37741419938960175, 0.0], [1.3682291476404396, -1.1808822077050232, 1.3643699858538376, 1.0]], "at_element": 15, "to_element": 18}, {"pose": [[-0.1645780635417717, 0.38987977104143534, -0.9060396377275767, 0.0], [0.9367703029235162, -0.22581952694191793, -0.2673330148191807, 0.0], [-0.3088291769917868, -0.8927481757944997, -0.3280628507682162, 0.0], [1.3623043389409177, -1.166846539709406, 1.3317525676378463, 1.0]], "at_element": 18, "to_element": 15}, {"pose": [[0.5665088923602722, 0.19728817332846021, 0.800090652077286, 0.0], [0.38038734067971636, 0.7986814136393559, -0.46627617412607875, 0.0], [-0.7310083077006341, 0.5684939543845308, 0.37741419938960175, 0.0], [1.7913069360747107, -1.5099033178970547, 1.1459380431257191, 1.0]], "at_element": 15, "to_element": 16}, {"pose": [[-0.5665088923602722, -0.19728817332846021, -0.800090652077286, 0.0], [0.8227570137980906, -0.18990124213326548, -0.5357316627587838, 0.0], [-0.04624468750879163, -0.9617769465426805, 0.26990097068416047, 0.0], [1.7709120936310638, -1.5170058740356969, 1.117134041970917, 1.0]], "at_element": 16, "to_element": 15}, {"pose": [[0.5520387305971469, 0.8178075254104535, -0.16261639309344242, 0.0], [-0.4010986088150181, 0.08947332122075584, -0.9116547761057276, 0.0], [-0.7310083077006341, 0.5684939543845308, 0.37741419938960175, 0.0], [1.7761445180103257, -1.4981117378115056, 1.1537662877767003, 1.0]], "at_element": 15, "to_element": 17}, {"pose": [[-0.5520387305971469, -0.8178075254104535, 0.16261639309344242, 0.0], [-0.37373034282626527, 0.41701996352335624, 0.8285046655716195, 0.0], [-0.745371632658266, 0.3965919835359917, -0.5358506581346514, 0.0], [1.7562711162265114, -1.5275528198108215, 1.1596204801321621, 1.0]], "at_element": 17, "to_element": 15}, {"pose": [[-0.23980314252591411, -0.7318405170056456, 0.637890202545552, 0.0], [0.6388437265148281, 0.3757979264141102, 0.6713081346114482, 0.0], [-0.7310083077006341, 0.5684939543845308, 0.37741419938960175, 0.0], [1.8292564140573053, -1.539416045150476, 1.1263450074526968, 1.0]], "at_element": 15, "to_element": 21}, {"pose": [[0.23980314252591411, 0.7318405170056456, -0.637890202545552, 0.0], [0.8819046327271247, -0.4389194506565489, -0.172028877255502, 0.0], [-0.4058801197510551, -0.52130525942509, -0.7506678059478833, 0.0], [1.8378893265338445, -1.5130697885353768, 1.103380961901782, 1.0]], "at_element": 21, "to_element": 15}, {"pose": [[0.036359237723493795, 0.2683903803904882, 0.9626238151770481, 0.0], [-0.9982682178199308, 0.054329631076290505, 0.022557847364797462, 0.0], [-0.04624468750879163, -0.9617769465426805, 0.26990097068416047, 0.0], [1.76377540709554, -1.6654315841945846, 1.1587863641547407, 1.0]], "at_element": 16, "to_element": 19}, {"pose": [[-0.036359237723493795, -0.2683903803904882, -0.9626238151770481, 0.0], [-0.21449099962148407, 0.9429076179466196, -0.2547917484919949, 0.0], [0.9760489828454015, 0.19721011062336716, -0.09185072321095884, 0.0], [1.762466473387477, -1.6750936463776416, 1.1241318763612511, 1.0]], "at_element": 19, "to_element": 16}, {"pose": [[0.6222626574232608, -0.4505100262566525, 0.640179585287419, 0.0], [-0.719314760459644, -0.006435126869623831, 0.6946544929150441, 0.0], [-0.3088291769917868, -0.8927481757944997, -0.3280628507682162, 0.0], [1.1792184339953118, -1.6961022572098994, 1.1372641954671963, 1.0]], "at_element": 18, "to_element": 22}, {"pose": [[-0.6222626574232608, 0.4505100262566525, -0.640179585287419, 0.0], [-0.5703007429062662, -0.8211000823618091, -0.0234886650534068, 0.0], [-0.5362333893157951, 0.3504787739473846, 0.7678661219218055, 0.0], [1.1568169754518804, -1.679883894182333, 1.1142177274378404, 1.0]], "at_element": 22, "to_element": 18}, {"pose": [[0.06531879702405993, -0.6683782798397826, -0.740947993987259, 0.0], [-0.20751346424217, 0.7172019571266751, -0.6652514673804791, 0.0], [0.9760489828454015, 0.19721011062336716, -0.09185072321095884, 0.0], [1.0616129570262332, -1.8167006783213129, 1.1900854334819804, 1.0]], "at_element": 19, "to_element": 20}, {"pose": [[-0.06531879702405993, 0.6683782798397826, 0.740947993987259, 0.0], [-0.9437723256457272, 0.19977520022960135, -0.26340779547780707, 0.0], [-0.3240790830963722, -0.7164916917952598, 0.6177478478212458, 0.0], [1.0592614807683827, -1.7926390646984032, 1.2167595563308933, 1.0]], "at_element": 20, "to_element": 19}, {"pose": [[0.17068761378439026, -0.4324204676668721, 0.8853690064845023, 0.0], [0.13488558702488615, -0.8798412989912913, -0.45572488082424156, 0.0], [0.9760489828454015, 0.19721011062336716, -0.09185072321095884, 0.0], [1.183502245731238, -1.792073020763347, 1.1786150877145105, 1.0]], "at_element": 19, "to_element": 28}, {"pose": [[-0.17068761378439026, 0.4324204676668721, -0.8853690064845023, 0.0], [-0.9546497040170032, 0.14988758038529, 0.25725018147027995, 0.0], [0.24394606190885695, 0.8891266796070197, 0.3872261180371958, 0.0], [1.1773574944018441, -1.77650589093687, 1.146741817832889, 1.0]], "at_element": 28, "to_element": 19}, {"pose": [[-0.8353311326622829, -0.08978706389592268, -0.5423653583721004, 0.0], [0.44406603867506356, -0.6917932774646743, -0.5694097071091437, 0.0], [-0.3240790830963722, -0.7164916917952598, 0.6177478478212458, 0.0], [1.1128947427433056, -1.6740637273401338, 1.1145257687007635, 1.0]], "at_element": 20, "to_element": 22}, {"pose": [[0.8353311326622829, 0.08978706389592268, 0.5423653583721004, 0.0], [0.12114310128128011, 0.9322568917252836, -0.3409126528051814, 0.0], [-0.5362333893157951, 0.3504787739473846, 0.7678661219218055, 0.0], [1.1429666316056608, -1.6708313964701589, 1.1340509008813107, 1.0]], "at_element": 22, "to_element": 20}, {"pose": [[-