{"line": [[[1.750000666666667, 0.0, 0.7666660000000001], [0.250000666666667, 0.0, 0.7666660000000001]], [[0.9029389270387184, 0.6262258320884496, 1.6302691592988385], [1.4972116625062641, 0.6563012424138772, 2.1649984231078037]], [[1.0801061856248024, 0.6773913829960538, 1.6146143103820456], [0.5232854114825465, 0.6121274886747781, 2.185307966892822]], [[0.5349708293603304, 0.6925088602396744, 1.3325908465186955], [1.1199348763141752, 0.7081323542890915, 1.878093339826534]], [[1.0883001608970517, 1.2901172975505384, 1.6272887272790826], [0.5495475934136689, 1.3487736335226255, 2.2157656641936847]], [[1.0978934019776516, 1.3428984571095661, 1.904532759584812], [0.5156335039478644, 1.3912475868532197, 1.358056984458985]], [[1.4855731919798427, 1.345559186545557, 2.1770256220187685], [0.8890965333887156, 1.3550713648997248, 1.6439917448412267]], [[1.3231197274616198, 0.9219660375424549, 1.6127362628649253], [1.270516391465219, 1.4635997949869868, 2.199136946560441]], [[1.2988040700284043, 0.5264332597844102, 2.1916659223844066], [1.3607989970121395, 1.0739148400156093, 1.6116482085722932]], [[1.3249085351583183, 1.1148999332445237, 1.8862510446453649], [1.275301243630711, 0.5362053352451033, 1.3361131720410655]], [[0.7552460788187921, 1.257729605474211, 2.2362708364110713], [-0.015209352203652271, 2.160507409679779, 1.3189973411863405]], [[0.7863735910461755, 1.2729404738878398, 0.6411052555965818], [0.007692421931881688, 2.189656148387021, 1.5373686147685988]], [[0.798791625967435, 1.2383211425037701, 0.8365617232561051], [-0.1499688279482707, 2.071146247274748, 0.026465466044114594]], [[-0.028769617646247747, 1.1571562375979454, 0.9855734528586731], [-0.07345391267809487, 2.148898331511675, -0.13890461848692603]], [[0.8696066874489832, 2.0132117642863996, 0.9610979372043187], [-0.2642487722136535, 2.063262954097117, -0.019650080887873456]], [[-0.03194799113107116, 2.006392017362641, -0.00957753514821924], [0.010395714156919422, 2.084222578121402, 1.4878033163503097]], [[0.882214059065471, 1.3712802799315686, 1.61137734989949], [-0.17808318244561572, 1.3586820233664758, 0.5504291685185615]], [[-0.061029775482345894, 0.25268940222446246, 0.7434127448451802], [0.03406082505798502, 1.7484077080801015, 0.8049312560204027]], [[0.7319419419976203, 1.346157599497991, 0.7979782183482043], [-0.06587620875114153, 1.3172059183105542, 0.7465195116772501]], [[0.7928025689896271, 0.7310818837378763, 2.209252029751932], [-0.11463330888060064, -0.14108289024127352, 1.3932319720426942]], [[0.7882787315217545, 0.7161718876727211, 0.6387579933022853], [-0.06917568883393832, -0.1499255684571068, 1.513199022473449]], [[0.8289606061216445, 0.713703640312551, 1.66517391466811], [-0.25672756092933224, 0.6098263036191175, 0.6353726217737139]], [[0.7342272496689188, 0.8205788214422605, 0.838857870889177], [-0.0635048151672919, -0.14502535389461335, 0.01348999575460863]], [[-0.04853765591207804, -0.17525851535306347, -0.11660243632716893], [0.009215601591440636, 0.8070710670956647, 1.0155164411295408]], [[0.8179515091728415, -0.026541487410548514, 1.0083935945270601], [-0.20495840913985885, -0.06956287900727487, -0.0878748301220249]], [[0.7330002616059209, 0.6347767199501722, 0.7740243996193754], [-0.06502277234673626, 0.6558805222789132, 0.7219296128526942]], [[7.183826461165665e-05, -0.01487804014660643, 0.014610021020883268], [-0.08565271079361336, -0.06171253371028329, 1.5114259188190722]], [[0.7314876259487475, 1.116837473409683, 1.6071472831336184], [0.6028306633383713, 2.1670076568095302, 0.5438552386464026]], [[0.6322703213826413, 1.2677106086084258, 0.7570629667678608], [0.6756188946717445, 2.066408551409853, 0.7428328101078709]], [[1.399604162050936, 2.0045111830500684, 0.7990794060732018], [0.5999427111201026, 1.9840556127916917, 0.7879828507248536]], [[0.6381973779303605, 1.3021593817665773, 1.3656285734896618], [0.673576266789436, 1.264619716767785, 2.163963783645694]], [[0.6803969613120544, 1.2929701311759783, 0.7014016383962686], [0.6689124561893514, 1.3233603229864257, 1.5007417051912535]], [[0.6399529195218534, 0.6587880562231501, 1.367397476674443], [0.6670959083233726, 0.6658567473448881, 2.1669056328334317]], [[0.6765200831247138, -0.17233375687749164, 0.5394941541338754], [0.5704162578021011, 0.9350051440782766, 1.5457458804339996]], [[0.6605885706990234, 0.6786693924907365, 0.6996256394716633], [0.6790709310896836, 0.6114404184170263, 1.4965815149123218]], [[0.6292460726677637, -0.07129460325290071, 0.7310348307652617], [0.5635655304966947, 0.7259939283179146, 0.7269039948005271]], [[2.0734708409629237, 2.1382075329656445, 1.3472859139788689], [1.2202373014014978, 1.1842353668117176, 2.129545227231876]], [[2.0947915591028794, 2.0913451793102418, 1.547485282728693], [1.2498626861650157, 1.292982547449882, 0.5994809010273474]], [[1.3220463651234422, 1.1929978841500044, 1.681941341422678], [1.3704328060834787, 2.1729135879945645, 0.5472942748464488]], [[2.125733944304569, 2.121760182625619, 0.04897083552854231], [1.3000698298703566, 1.1710601948159416, 0.864107819914754]], [[2.2151877759123884, 2.0576096046443197, -0.07498955972112409], [1.106541838917499, 1.9504951293066255, 0.9297147129670407]], [[1.9493564635015566, 1.1634527178824199, 0.9876956726784887], [2.0067239358958457, 2.187322238689965, -0.10701898305259228]], [[1.3028469868632033, 1.2642833619055023, 0.7294056526453012], [1.3248511520663533, 2.0624526769973963, 0.6799934966566255]], [[1.9616210542961647, 2.009022599337999, 0.013930723490813923], [1.9364784331095195, 1.8807242609798847, 1.508222323204341]], [[1.351973465096367, 1.3800417866117303, 1.0164596257123661], [1.42114306680844, 1.2846751045596747, 2.5118260564420973]], [[2.225590507644874, 1.3891683545832563, 0.6026386179644271], [1.134543444628617, 1.2739846035440765, 1.6255506424221238]], [[1.3637847587388845, 1.3185396958788789, 0.3504343040128888], [1.2722032797253164, 1.3801892040343207, 1.8463661777444031]], [[2.014010456989856, 0.24893969190131493, 0.7712759558073095], [2.0524367341017378, 1.747157149474346, 0.7090837452763832]], [[2.0733969166581194, 1.3237865168279572, 0.7610217104385084], [1.2749912747369803, 1.2992015970402306, 0.805112669461027]], [[2.0855666293213195, -0.09748424852156212, 1.3174723563666448], [1.2698039020338077, 0.7538332256739226, 2.2447208294836734]], [[1.3657099691183159, 0.634072820833267, 1.3651394638974543], [1.3412163259511625, 0.5911029650466415, 2.163609033097231]], [[2.0759630441596792, -0.14915386970917877, 1.5105763720173597], [1.3120073351932682, 0.7304636395895915, 0.5657776039864862]], [[1.3108889449858045, -0.21618795758441478, 0.586346850178115], [1.41595896745977, 0.80089261473849, 1.6838473739960458]], [[2.236937667745049, 0.6516396040106769, 0.6114106030541198], [1.1243984008931611, 0.7542954723226776, 1.612269310571705]], [[1.33106738268614, 0.6361483026806303, 0.35050742050016126], [1.3377151685350583, 0.7235561482024542, 1.8479437882582508]], [[2.1102409811617857, -0.10901798192593204, 0.017146115481322166], [1.1895776967594882, 0.6809797145857941, 0.899349468603345]], [[2.016175319904235, -0.18373111624153826, -0.11149428663873873], [1.896413402163002, 0.8535952071465905, 0.9653581553722409]], [[2.1646101039419694, 0.02744134844625734, -0.13029788601049397], [1.0840583958120285, -0.046064734647093264, 0.9074905615093949]], [[1.365130474996338, -0.0647263453311211, 0.7249334435533741], [1.3693863625700136, 0.7322869414342003, 0.7938660783535902]], [[2.0660317455356014, 0.6289175015089169, 0.7953219037104209], [1.2690032171744927, 0.6218025301795456, 0.7268025476020352]], [[1.961106616187038, -0.023886802005363528, 0.014967115702072764], [1.9833569686871093, -0.10032774457202165, 1.512852860381267]], [[1.3295070992694593, 1.4520226299949983, 1.317904399588637], [1.3593778866412842, 0.9270344341234475, 1.9208099728398067]], [[0.8804391389463823, 0.6702574043565053, 1.8800920741372678], [1.479086790795873, 0.6643560295466164, 1.349445145652381]], [[0.8949982296819854, 1.3151916673427537, 1.8936171861938442], [1.4202742043006689, 1.323415037575203, 1.2902785361220852]], [[0.6349292181495103, 0.91702925538594, 1.9155878944829392], [0.5965912250627723, 1.4403238043928717, 1.31168971327545]], [[0.6581360882644882, 0.8755065050419252, 1.6579877789423167], [0.7249361213078502, 1.4460550853549685, 2.214775057073002]], [[0.6962605772948185, 1.1147410441200796, 1.6451253617298902], [0.7481717334217222, 0.5491357677160955, 2.2085043666400317]], [[0.6508224798721738, 1.1349942067849126, 1.8641263613349115], [0.7183614747029914, 0.5709247887498374, 1.3008642768530831]]], "adj": [[1, 2], [1, 62], [3, 62], [1, 8], [1, 49], [8, 50], [2, 19], [2, 32], [19, 66], [3, 32], [3, 33], [3, 67], [21, 32], [34, 67], [4, 63], [5, 63], [6, 63], [4, 10], [4, 65], [30, 65], [5, 64], [16, 64], [27, 31], [30, 31], [30, 64], [6, 36], [6, 44], [7, 36], [7, 8], [8, 9], [9, 61], [9, 62], [50, 52], [50, 62], [53, 54], [54, 62], [10, 11], [10, 15], [11, 12], [11, 28], [12, 31], [18, 28], [12, 15], [13, 15], [14, 15], [13, 16], [13, 18], [16, 17], [17, 18], [14, 27], [14, 28], [14, 29], [17, 23], [17, 25], [21, 23], [19, 20], [19, 26], [20, 25], [22, 34], [25, 34], [25, 35], [22, 24], [22, 26], [23, 26], [0, 24], [0, 35], [33, 35], [29, 38], [29, 40], [40, 42], [0, 52], [0, 57], [0, 58], [36, 37], [37, 43], [37, 46], [39, 48], [42, 46], [46, 48], [38, 46], [44, 61], [44, 63], [45, 61], [46, 61], [39, 40], [39, 41], [40, 43], [41, 43], [41, 48], [45, 47], [47, 48], [47, 53], [47, 59], [56, 59], [49, 51], [51, 60], [51, 54], [54, 58], [54, 59], [55, 58], [55, 60], [56, 57], [56, 60], [64, 67], [65, 66], [65, 67]], "coupler_contact_pts": [[[0.990063295865106, 0.6306350889589267, 1.7086640558200492], [0.9871320438964207, 0.6664940622742839, 1.7099048515542141]], [[1.032676510503485, 0.6327916912040666, 1.7470076168353232], [1.0319517175441593, 0.6687638170819943, 1.7457898945307084]], [[1.0037853792884552, 0.705030179061274, 1.7697792638522531], [1.0040719305029004, 0.6690386516569602, 1.7705028008864763]], [[1.3342535972957148, 0.6480541356823373, 2.0183680275988896], [1.3152035424314832, 0.671258159224184, 2.03823426347699]], [[1.4087713992059465, 0.6518253897467459, 2.0854194788568226], [1.3959452896035216, 0.6221940077184365, 2.1013404014396047]], [[1.3067511000654783, 0.5966140435118212, 2.1173143839930595], [1.3426077753687515, 0.593544022116027, 2.1182490999323877]], [[0.6357195731599545, 0.6253056809883086, 2.070072570111432], [0.6523031609664225, 0.5960435439156032, 2.082906645092582]], [[0.6670722970774206, 0.6289804735884692, 2.0379387103760545], [0.6627118315431648, 0.6647150276602991, 2.0377708065755655]], [[0.711358922502221, 0.6528038684389434, 2.1360130817144287], [0.739948171794665, 0.6387367358726553, 2.119256075676471]], [[0.641466576094268, 0.6953531985781589, 1.431902412199632], [0.6421528492185966, 0.6593609711526565, 1.4321973315608785]], [[0.57205933699163, 0.693499437491895, 1.3671773710945163], [0.5915091263284669, 0.7148721396274702, 1.3457084613989894]], [[0.6819537866679309, 0.6964345499821796, 1.4696583639201233], [0.7005976145931209, 0.7192842699551912, 1.4490114161315575]], [[0.6407754920351039, 0.6956983151649463, 1.486675815793003], [0.6440094069351756, 0.659844463709211, 1.4868830202902572]], [[0.6758596948804468, 0.6231211838221009, 1.3581136184810658], [0.7115485523456552, 0.627824675383437, 1.3576827245960312]], [[0.9419436505207346, 1.306051767588308, 1.7871532664423635], [0.9678949940956667, 1.3163328904549596, 1.809887037546027]], [[0.9825838376077685, 1.352473420295711, 1.796309810036551], [0.981194784520723, 1.316541103101195, 1.7946107294926918]], [[1.0149620242767412, 1.3530641530822671, 1.7564698605303908], [1.0148857579629542, 1.3170685465052232, 1.755912849866662]], [[0.6444796677815986, 1.3384379655653231, 2.1120717985663777], [0.6620631636501799, 1.3669162815078346, 2.125330975582895]], [[0.6893762193337876, 1.3335498826664614, 2.063031503020546], [0.7091698557310983, 1.311393169307487, 2.083361108653742]], [[0.6681946462853362, 1.2703300213417714, 2.042525907141598], [0.7040656874567381, 1.2677977423303077, 2.0408171781925524]], [[0.5844037401611775, 1.3855371110254493, 1.4226007874366955], [0.6022928831580863, 1.3624990055091977, 1.401501951120998]], [[0.6207005802864156, 1.368173024935608, 1.349703322226055], [0.6002834591273518, 1.389926644706374, 1.369849602635001]], [[0.7060928448665392, 1.324123898997588, 1.3972708166886632], [0.6704038666848993, 1.3194137662524994, 1.3969371309067848]], [[0.6404875229921076, 1.2997293654153268, 1.4173063818696936], [0.6701162638100358, 1.3201748183343223, 1.4169547545438153]], [[0.6431139662708263, 1.2969425113336692, 1.476572860114128], [0.6071573478857588, 1.296101479950978, 1.478126760222068]], [[1.3269370226487964, 1.3480890014416889, 2.035262400975305], [1.3420051822554804, 1.320380002108118, 2.0179063213092694]], [[1.4004939685739914, 1.3469159684675556, 2.1009956421929163], [1.4020305527053363, 1.3110262329538112, 2.098635705634549]], [[1.2859698188985573, 1.3044825487597107, 2.02686839665386], [1.3154648234986017, 1.2907061058536222, 2.0422389827108782]], [[1.316014119426518, 0.9951294045814476, 1.6919467032472808], [1.3518402884256082, 0.9947998515412824, 1.6954649001288795]], [[1.3473073292984457, 0.9547689692287092, 1.737874766833464], [1.3114848648429294, 0.958305907293367, 1.737384432451072]], [[1.317644283947654, 1.0301587025771999, 1.805691522364774], [1.3535534940794258, 1.0293999092960875, 1.8032516811002546]], [[1.2883170294101383, 0.6880411780683402, 1.4804564022088025], [1.3071024616079177, 0.6660514241327804, 1.5018936781892915]], [[1.3618573515890382, 0.627314070470802, 1.4907311465189703], [1.39755196111182, 0.6227123106868451, 1.491578460055338]], [[1.363158118993637, 0.6295960416502673, 1.4483273610922351], [1.3652812162935557, 0.665477907079282, 1.450323480959534]], [[1.3372502542531601, 0.7346552740128068, 1.4207842662285712], [1.3358281512577639, 0.6987448623970292, 1.4228867298891934]], [[1.3360498148862454, 0.7016593877196622, 1.472817215954921], [1.337547870743141, 0.6657512980569622, 1.4749065801957397]], [[0.07585644321574314, 2.0538014595148812, 1.4274166437135698], [0.10326743212224687, 2.0771388391119245, 1.4273616143636059]], [[0.035689640291533875, 2.100866736344398, 1.3795956507959157], [0.007390974273245754, 2.0786996653651846, 1.3815480905748048]], [[0.7068619717504752, 1.3665468825237235, 0.7326232655726406], [0.6814788753254077, 1.3412986680121197, 0.7363945843053565]], [[0.6668884029123897, 1.4136064475588275, 0.7786329117615516], [0.6402437771612408, 1.4146216196101769, 0.7544454982737017]], [[0.7036794575190305, 1.321810922591163, 0.7553504845737069], [0.6796122006088674, 1.2950467577297866, 0.7560222481832335]], [[0.633948965145392, 1.3426015743288833, 0.7916577406216447], [0.636293322167712, 1.3418344426154896, 0.75574232511645]], [[-0.05333947218843105, 1.9863246750828376, 0.10897215054469633], [-0.02865371894390978, 2.0124471098462804, 0.1069162874667493]], [[-0.06708333893038931, 2.007507130341813, 0.021410554351300348], [-0.031101117008426993, 2.0079486286088506, 0.020370082478824436]], [[-0.023007198276194796, 2.0526139531997956, 0.189016018044172], [-0.026276828122848483, 2.0168159940572243, 0.1909691774383141]], [[-0.03891997943908576, 1.3824376491372021, 0.7301401010706288], [-0.018559046489889264, 1.360577459772809, 0.7100512398609231]], [[-0.03724309738720044, 1.3452202214884532, 0.7723387548534437], [-0.03473175418293328, 1.3183361060840075, 0.7485283069779689]], [[0.03494506265694164, 1.3612131857446677, 0.7635881963608174], [0.009481248098666462, 1.361785655013486, 0.7890295899118502]], [[0.006735113292582029, 1.3185905960227111, 0.7872529881888952], [0.00900252941642321, 1.3199231607712707, 0.751349137350268]], [[0.6040360465059134, 2.0249347104915096, 0.731387988243201], [0.6227729462020201, 2.0042275753633936, 0.7086692548302513]], [[0.6496846282908038, 2.0229196689692106, 0.7708725237126259], [0.6731630825858235, 2.021160186536329, 0.7436389863683233]], [[0.6740676445100079, 2.0218433422094417, 0.7919630380531482], [0.6750259081195888, 1.9859762625987551, 0.7890247477054646]], [[-0.039886372112540425, 0.585262498709375, 0.7570913912003048], [-0.003959656608008011, 0.5829720907750657, 0.7572460133176853]], [[-0.03553464364986736, 0.6537125861706772, 0.7599067257816545], [-0.03315625717732096, 0.6550378089630955, 0.7240098526980598]], [[-0.01740845708314742, 0.6327240673434169, 0.8623725376193083], [0.000329789457785723, 0.655931607603891, 0.8413306706137968]], [[-0.04103880667418491, -0.07034893101804562, 1.4594125049069133], [-0.01579234678478314, -0.0960041288436726, 1.4587581292272573]], [[-0.05714563506041381, -0.08582970346884045, 1.4449282913665678], [-0.0818103861356918, -0.05961332955653775, 1.4443360047202225]], [[0.6832592324801647, 0.6100938049144344, 0.7458579821120384], [0.6823246678407098, 0.6361168413103484, 0.7707163068211038]], [[0.632619496257077, 0.6975890667791853, 0.7337301228301244], [0.661321826106938, 0.6760022002184224, 0.731243473621864]], [[0.6615234030723056, 0.6366669329257317, 0.7693584043465098], [0.6622755191740737, 0.6725331732581461, 0.7723665378385369]], [[0.5683754880090658, 0.6391302392504783, 0.7632777267638772], [0.5707207685186959, 0.6391373186275969, 0.727354008055298]], [[0.004560201432168842, -0.06263695919431078, 0.08391298687911708], [-0.02177016041030333, -0.06185837517617254, 0.10845085726620063]], [[0.022480094928522654, -0.04094606228242115, 0.10245367876011846], [-0.004911071773333164, -0.01760038830316546, 0.10161542430422998]], [[-0.03896318841197344, -0.012405663962410829, 0.07108282796816012], [-0.0032717949195457674, -0.016704790693131466, 0.07299240228080817]], [[0.5937167069918674, 0.0, 0.7666660000000001], [0.5937167069918674, -0.03597232101724068, 0.7680776791785017]], [[0.6233881963412965, 0.0, 0.7666660000000001], [0.6233881963412966, -0.00018651766054911256, 0.7306664122746939]], [[0.6563258481162123, 0.038420774657675794, 0.7310092458549304], [0.6204514168831854, 0.035462709710416984, 0.7304817098680898]], [[1.3596978728724483, 2.003490368677822, 0.7985256437953019], [1.360721134825743, 1.976234125996298, 0.7750299604126464]], [[1.2550065548813194, 2.0008123346071325, 0.7970728877530695], [1.2559628292259175, 1.9649317951953842, 0.7943027636849345]], [[1.3464894926492155, 1.9736782450159125, 0.7122634736839013], [1.3223765284722282, 1.9726892798860947, 0.6855504667083074]], [[1.330494586144136, 0.0, 0.7666660000000001], [1.330494586144136, -0.02640483714191122, 0.7911360082501677]], [[1.233334093857381, 0.0, 0.7666660000000001], [1.2333340938573807, -0.035910040723810877, 0.7641225081701978]], [[1.3654926645528949, 0.0, 0.7666660000000001], [1.3654926645528949, 0.0031020180610463743, 0.7307998298237768]], [[1.9717148450168944, 2.024437523500616, 1.440577576598029], [1.9976222544923836, 1.9995311293356695, 1.4384619915523278]], [[1.9135673004044753, 1.920108663710614, 1.3441529114258843], [1.9392680846073282, 1.8949593579934447, 1.3424260536603345]], [[1.3204241234062923, 1.3596551592496424, 0.678650348097236], [1.343535295096769, 1.332170939743842, 0.6811978865023194]], [[1.3945913806582126, 1.279895780147568, 0.7707914088926784], [1.395410836462584, 1.302909618515096, 0.7984626488665112]], [[1.3047943587840947, 1.3349214660088342, 0.7250326694289566], [1.3407149368173314, 1.3340695081293086, 0.727266850347377]], [[1.3362555067049886, 1.3370714434118647, 0.8001091293276434], [1.337448235808997, 1.3011248041138255, 0.8016635614303383]], [[1.3305797366167191, 1.365814577568473, 1.4818364206898504], [1.294652711718423, 1.3650770169889574, 1.4796673514382626]], [[1.3710707454797468, 1.3537116615090603, 1.429320641197366], [1.3351091372018482, 1.3535651052327649, 1.4309747331208396]], [[1.3676415059268359, 1.358439680610343, 1.3551844660072963], [1.365679212980045, 1.3225603348129211, 1.3529870359501543]], [[1.320496833754389, 1.2936160288088503, 1.45120989748711], [1.3371270941735165, 1.3180988961665174, 1.4717047443406797]], [[1.2986799452610225, 1.3623660216020892, 1.413884759977353], [1.3343617987633736, 1.3666998061576674, 1.415890614177052]], [[2.0564690791778233, 2.0420060728363625, 0.11735258095782308], [2.0324429290283907, 2.039953274754449, 0.09062195099597403]], [[1.9863304902362846, 1.9612459253550805, 0.18659691031575776], [1.9925970507770323, 1.9351917805500203, 0.16255726867945908]], [[1.9585709058722012, 2.03281595278495, 0.1575680650081026], [1.9592558587126785, 1.9969534256030665, 0.15450047021078295]], [[1.9962742521548527, 2.0008208601570994, 0.09238708211960756], [1.9603089706867176, 2.0023272692994425, 0.0919112769567394]], [[1.959614908366187, 1.346540948711033, 0.7919389229103393], [1.9590652898193788, 1.3202659581952962, 0.7673355323972249]], [[2.067409629894845, 1.3724689220294044, 0.750941223209025], [2.0428149258171713, 1.372008625369708, 0.7246564619561611]], [[2.0415175135238472, 1.3214232995555888, 0.7267562994776804], [2.0434567050860766, 1.3228645823359175, 0.7626751214018528]], [[2.0247713637234033, 0.6685009801461946, 0.7538596296009514], [2.0488712550910515, 0.6689928080427009, 0.7805982553955696]], [[2.0237055420653336, 0.6269452340578983, 0.7555846420124872], [2.0206110874134167, 0.6285120371261488, 0.7914171573458828]], [[1.9195046205156807, 0.6535889857357765, 0.7577309284450807], [1.9176020301440968, 0.6275924884988947, 0.7825616220340679]], [[2.0125822205033743, -0.021318838541209528, 1.4004311376078686], [1.9860094135928636, -0.04558138829056935, 1.3993289811778884]], [[2.008801853801673, -0.071824571307604, 1.42751683183069], [1.982076967492397, -0.09593030871971542, 1.4266836393441646]], [[1.360207751117026, 0.6749657497192706, 0.6253879885269132], [1.3322941291227586, 0.6522780736244151, 0.6268362268062336]], [[1.3330091324240603, 0.6616792335787404, 0.7878931517387064], [1.3690083743971382, 0.6614999220859339, 0.7877438018064407]], [[1.3327529976845018, 0.6583114677907176, 0.7301979306865233], [1.3328935261985286, 0.622372870764299, 0.7322951023602626]], [[1.3446619376580018, 0.5479058805894335, 0.7507437409122767], [1.368388676683924, 0.5454472062517761, 0.7777065544844587]], [[1.9868679011535484, -0.0031546867676601753, 0.13536538925079644], [1.9628800313140287, -0.029979358240986853, 0.13435278557445152]], [[1.9955409601496832, -0.005005149395333586, 0.07404182626013056], [1.9738882324352884, 0.014467218999965614, 0.05287609210625188]], [[1.9974566402909537, -0.021597948468786043, 0.05681677778774241], [1.961732789078009, -0.02603801493537672, 0.0571208499895115]], [[0.6258632270160072, 1.0407755279353097, 1.7727808481156728], [0.6616827097894409, 1.044292182206295, 1.7735541555081151]], [[0.671774733780993, 0.9919961156351328, 1.77166772741771], [0.7075711586648823, 0.9915050197390092, 1.7678763184152728]], [[0.6695981441838247, 0.9734055544031887, 1.7535255597839272], [0.6671492451099172, 0.9986369958267323, 1.7279643138585898]]], "radius": 0.01, "half_couplers": [{"pose": [[0.08142373555394748, -0.9960834454553165, -0.03446657769936588, 0.0], [0.6644979637672462, 0.08002775197618131, -0.7429926076771034, 0.0], [0.742840919334432, 0.037594262906784484, 0.6684115797612061, 0.0], [0.990063295865106, 0.6306350889589267, 1.7086640558200492, 1.0]], "at_element": 1, "to_element": 2}, {"pose": [[-0.08142373555394748, 0.9960834454553165, 0.03446657769936588, 0.0], [-0.7133849084516682, -0.03409537861681709, -0.699942481601439, 0.0], [-0.6960259676778199, -0.08157986790159472, 0.7133670706384706, 0.0], [0.9871320438964207, 0.6664940622742839, 1.7099048515542141, 1.0]], "at_element": 2, "to_element": 1}, {"pose": [[0.020133122126192716, -0.9992249429587007, 0.03382559330792517, 0.0], [0.6691651709076223, -0.011669822863997979, -0.743022065135683, 0.0], [0.742840919334432, 0.037594262906784484, 0.6684115797612061, 0.0], [1.032676510503485, 0.6327916912040666, 1.7470076168353232, 1.0]], "at_element": 1, "to_element": 62}, {"pose": [[-0.020133122126192716, 0.9992249429587007, -0.03382559330792517, 0.0], [0.663044080438497, 0.03866648927910066, 0.7475810658398843, 0.0], [0.7483095648118633, -0.007376718512361047, -0.6633086606061084, 0.0], [1.0319517175441593, 0.6687638170819943, 1.7457898945307084, 1.0]], "at_element": 62, "to_element": 1}, {"pose": [[-0.007959769277355517, 0.9997663232124795, -0.020098284584794027, 0.0], [-0.6821112843340396, 0.009268374875748274, 0.7311896423030961, 0.0], [0.7312050586923057, 0.01952936756177136, 0.6818781166347978, 0.0], [1.0037853792884552, 0.705030179061274, 1.7697792638522531, 1.0]], "at_element": 3, "to_element": 62}, {"pose": [[0.007959769277355517, -0.9997663232124795, 0.020098284584794027, 0.0], [-0.6633019201571267, -0.020319522489208538, -0.7480759852593049, 0.0], [0.7483095648118633, -0.007376718512361047, -0.6633086606061084, 0.0], [1.0040719305029004, 0.6690386516569602, 1.7705028008864763, 1.0]], "at_element": 62, "to_element": 3}, {"pose": [[0.5291684710130055, -0.6445565509652965, -0.5518401778535877, 0.0], [0.41008303774739374, 0.7636317987120605, -0.49869667950333557, 0.0], [0.742840919334432, 0.037594262906784484, 0.6684115797612061, 0.0], [1.3342535972957148, 0.6480541356823373, 2.0183680275988896, 1.0]], "at_element": 1, "to_element": 8}, {"pose": [[-0.5291684710130055, 0.6445565509652965, 0.5518401778535877, 0.0], [0.8449706871498254, 0.34089474405711295, 0.4120865337908867, 0.0], [0.077493658729669, 0.6843519752889987, -0.7250221422651416, 0.0], [1.3152035424314832, 0.671258159224184, 2.03823426347699, 1.0]], "at_element": 8, "to_element": 1}, {"pose": [[0.356280318614035, 0.8230927816197928, -0.44224722431426744, 0.0], [-0.5667907048731975, 0.5666612252853441, 0.5980329026294927, 0.0], [0.742840919334432, 0.037594262906784484, 0.6684115797612061, 0.0], [1.4087713992059465, 0.6518253897467459, 2.0854194788568226, 1.0]], "at_element": 1, "to_element": 49}, {"pose": [[-0.356280318614035, -0.8230927816197928, 0.44224722431426744, 0.0], [0.7598028766425247, 0.0202722802702843, 0.6498373821952595, 0.0], [-0.5438418181916745, 0.5675449827969898, 0.6181656487446857, 0.0], [1.3959452896035216, 0.6221940077184365, 2.1013404014396047, 1.0]], "at_element": 49, "to_element": 1}, {"pose": [[-0.996018801053926, 0.08527837575531638, -0.025964332759282296, 0.0], [0.0440599682681355, 0.7241477560184668, 0.6882359672740375, 0.0], [0.077493658729669, 0.6843519752889987, -0.7250221422651416, 0.0], [1.3067511000654783, 0.5966140435118212, 2.1173143839930595, 1.0]], "at_element": 8, "to_element": 50}, {"pose": [[0.996018801053926, -0.08527837575531638, 0.025964332759282296, 0.0], [0.08372063039642727, 0.9949083301176066, 0.056109452934599964, 0.0], [-0.030617053958941765, -0.05371231973328186, 0.9980869614997206, 0.0], [1.3426077753687515, 0.593544022116027, 2.1182490999323877, 1.0]], "at_element": 50, "to_element": 8}, {"pose": [[-0.4606549447154969, 0.8128366607271204, -0.35650187220707097, 0.0], [-0.5507675319291382, -0.5767506290687017, -0.6033355928847083, 0.0], [-0.6960259676778199, -0.08157986790159472, 0.7133670706384706, 0.0], [0.6357195731599545, 0.6253056809883086, 2.070072570111432, 1.0]], "at_element": 2, "to_element": 19}, {"pose": [[0.4606549447154969, -0.8128366607271204, 0.35650187220707097, 0.0], [-0.6494795957275684, -0.03493405680145481, 0.7595761096881255, 0.0], [-0.6049572519134853, -0.5814431826527666, -0.5440133718061585, 0.0], [0.6523031609664225, 0.5960435439156032, 2.082906645092582, 1.0]], "at_element": 19, "to_element": 2}, {"pose": [[0.1211240329883785, -0.9926264230775768, 0.004663994087219772, 0.0], [0.7077265156476649, 0.08965215759463782, 0.7007750492760436, 0.0], [-0.6960259676778199, -0.08157986790159472, 0.7133670706384706, 0.0], [0.6670722970774206, 0.6289804735884692, 2.0379387103760545, 1.0]], "at_element": 2, "to_element": 32}, {"pose": [[-0.1211240329883785, 0.9926264230775768, -0.004663994087219772, 0.0], [-0.9920573620038025, -0.12089132192724908, 0.034748795327875996, 0.0], [0.033928736001899024, 0.00883586390217253, 0.999385195198736, 0.0], [0.6627118315431648, 0.6647150276602991, 2.0377708065755655, 1.0]], "at_element": 32, "to_element": 2}, {"pose": [[-0.7941376501883749, 0.390749665610594, 0.46546760507955376, 0.0], [-0.058069922598268625, 0.7136095039808756, -0.6981327666838164, 0.0], [-0.6049572519134853, -0.5814431826527666, -0.5440133718061585, 0.0], [0.711358922502221, 0.6528038684389434, 2.1360130817144287, 1.0]], "at_element": 19, "to_element": 66}, {"pose": [[0.7941376501883749, -0.390749665610594, -0.46546760507955376, 0.0], [0.6042638640109854, 0.5894543008051316, 0.5361052227994489, 0.0], [0.06488894515862957, -0.7070065955049799, 0.7042237561376767, 0.0], [0.739948171794665, 0.6387367358726553, 2.119256075676471, 1.0]], "at_element": 66, "to_element": 19}, {"pose": [[-0.019063154232812747, 0.9997847187533667, -0.008192209588835141, 0.0], [-0.6818913097360002, -0.007008562612165161, 0.7314199353016252, 0.0], [0.7312050586923057, 0.01952936756177136, 0.6818781166347978, 0.0], [0.641466576094268, 0.6953531985781589, 1.431902412199632, 1.0]], "at_element": 3, "to_element": 32}, {"pose": [[0.019063154232812747, -0.9997847187533667, 0.008192209588835141, 0.0], [0.9992424315570319, 0.018773482797651366, -0.0340898712176631, 0.0], [0.033928736001899024, 0.00883586390217253, 0.999385195198736, 0.0], [0.6421528492185966, 0.6593609711526565, 1.4321973315608785, 1.0]], "at_element": 32, "to_element": 3}, {"pose": [[-0.5402717623288379, -0.5936859905545101, 0.596358421965685, 0.0], [0.41646798793289946, -0.8044597867028206, -0.42355503373844433, 0.0], [0.7312050586923057, 0.01952936756177136, 0.6818781166347978, 0.0], [0.57205933699163, 0.693499437491895, 1.3671773710945163, 1.0]], "at_element": 3, "to_element": 33}, {"pose": [[0.5402717623288379, 0.5936859905545101, -0.596358421965685, 0.0], [-0.8385122882872487, 0.3202489891204584, -0.4408375294352862, 0.0], [-0.07073588354840843, 0.7382259339705121, 0.6708344842000828, 0.0], [0.5915091263284669, 0.7148721396274702, 1.3457084613989894, 1.0]], "at_element": 33, "to_element": 3}, {"pose": [[-0.517884413623324, -0.634714816998063, 0.5735266647760512, 0.0], [0.44399875705772784, -0.7724996471751637, -0.4539927299477824, 0.0], [0.7312050586923057, 0.01952936756177136, 0.6818781166347978, 0.0], [0.6819537866679309, 0.6964345499821796, 1.4696583639201233, 1.0]], "at_element": 3, "to_element": 67}, {"pose": [[0.517884413623324, 0.634714816998063, -0.5735266647760512, 0.0], [0.85127455362707, -0.3162115498630964, 0.4187384506827751, 0.0], [0.08442374353852201, -0.705086772543844, -0.7040776056022855, 0.0], [0.7005976145931209, 0.7192842699551912, 1.4490114161315575, 1.0]], "at_element": 67, "to_element": 3}, {"pose": [[-0.08983097625673049, 0.9959403937194033, -0.005755680915637803, 0.0], [0.6841457266015792, 0.05750612055181183, -0.7270747354102449, 0.0], [-0.7237921113673178, -0.0692515577956223, -0.6865341952629306, 0.0], [0.6407754920351039, 0.6956983151649463, 1.486675815793003, 1.0]], "at_element": 21, "to_element": 32}, {"pose": [[0.08983097625673049, -0.9959403937194033, 0.005755680915637803, 0.0], [0.9953789411968068, 0.08958046476292779, -0.034584732972536766, 0.0], [0.033928736001899024, 0.00883586390217253, 0.999385195198736, 0.0], [0.6440094069351756, 0.659844463709211, 1.4868830202902572, 1.0]], "at_element": 32, "to_element": 21}, {"pose": [[-0.9913559854466484, -0.13065238965337994, 0.011969260502044096, 0.0], [0.12914938558831252, -0.9878602468014733, -0.08632826299360609, 0.0], [0.02310295048832525, -0.08403621759213774, 0.996194844300823, 0.0], [0.6758596948804468, 0.6231211838221009, 1.3581136184810658, 1.0]], "at_element": 34, "to_element": 67}, {"pose": [[0.9913559854466484, 0.13065238965337994, -0.011969260502044096, 0.0], [0.10042878893049136, -0.6969810587538, 0.7100221560573913, 0.0], [0.08442374353852201, -0.705086772543844, -0.7040776056022855, 0.0], [0.7115485523456552, 0.627824675383437, 1.3576827245960312, 1.0]], "at_element": 67, "to_element": 34}, {"pose": [[-0.7208711918035811, -0.2855869590166877, -0.6314941121398403, 0.0], [0.16377526007353385, -0.9555439314106604, 0.2451804627863023, 0.0], [-0.6734407093542286, 0.07332041996510885, 0.7355961711432527, 0.0], [0.9419436505207346, 1.306051767588308, 1.7871532664423635, 1.0]], "at_element": 4, "to_element": 63}, {"pose": [[0.7208711918035811, 0.2855869590166877, 0.6314941121398403, 0.0], [0.221873325268706, -0.9582976711982591, 0.18010497191971103, 0.0], [0.6565949682733542, 0.010279212790561541, -0.7541733125896987, 0.0], [0.9678949940956667, 1.3163328904549596, 1.809887037546027, 1.0]], "at_element": 63, "to_element": 4}, {"pose": [[0.03858558561573697, 0.9981400382830596, 0.04719763298072293, 0.0], [0.6846766444817949, 0.007994001448199034, -0.7288031204941401, 0.0], [-0.7278248725372337, 0.060436412179566947, -0.6830947189072837, 0.0], [0.9825838376077685, 1.352473420295711, 1.796309810036551, 1.0]], "at_element": 5, "to_element": 63}, {"pose": [[-0.03858558561573697, -0.9981400382830596, -0.04719763298072293, 0.0], [-0.7532557336129634, 0.06008994725158896, -0.6549770973236375, 0.0], [0.6565949682733542, 0.010279212790561541, -0.7541733125896987, 0.0], [0.981194784520723, 1.316541103101195, 1.7946107294926918, 1.0]], "at_element": 63, "to_element": 5}, {"pose": [[0.0021185089040617945, 0.9998780490893919, 0.015472519808187805, 0.0], [0.6663950632235487, 0.010124699875257106, -0.7455300866924947, 0.0], [-0.7455958232389088, 0.011890222942709805, -0.6662923464719273, 0.0], [1.0149620242767412, 1.3530641530822671, 1.7564698605303908, 1.0]], "at_element": 6, "to_element": 63}, {"pose": [[-0.0021185089040617945, -0.9998780490893919, -0.015472519808187805, 0.0], [-0.7542403857909865, 0.011756901530492971, -0.656493119315249, 0.0], [0.6565949682733542, 0.010279212790561541, -0.7541733125896987, 0.0], [1.0148857579629542, 1.3170685465052232, 1.755912849866662, 1.0]], "at_element": 63, "to_element": 6}, {"pose": [[-0.48843051974230794, -0.7910644596016165, -0.3683105322135945, 0.0], [0.5548993047109819, -0.6073229262685071, 0.5685469416503146, 0.0], [-0.6734407093542286, 0.07332041996510885, 0.7355961711432527, 0.0], [0.6444796677815986, 1.3384379655653231, 2.1120717985663777, 1.0]], "at_element": 4, "to_element": 10}, {"pose": [[0.48843051974230794, 0.7910644596016165, 0.3683105322135945, 0.0], [0.7054166902296068, -0.10950501344781852, -0.7002827608725635, 0.0], [-0.5136369540149628, 0.6018518694703784, -0.6115156634831537, 0.0], [0.6620631636501799, 1.3669162815078346, 2.125330975582895, 1.0]], "at_element": 10, "to_element": 4}, {"pose": [[-0.5498230521263356, 0.6154640572146123, -0.564711081551805, 0.0], [-0.4941378576216898, -0.7847471632908708, -0.37416529418423916, 0.0], [-0.6734407093542286, 0.07332041996510885, 0.7355961711432527, 0.0], [0.6893762193337876, 1.3335498826664614, 2.063031503020546, 1.0]], "at_element": 4, "to_element": 65}, {"pose": [[0.5498230521263356, -0.6154640572146123, 0.564711081551805, 0.0], [0.8310970788377721, 0.3355147021741436, -0.4435172264662536, 0.0], [0.0835000413042025, 0.713185725391304, 0.6959840976633561, 0.0], [0.7091698557310983, 1.311393169307487, 2.083361108653742, 1.0]], "at_element": 65, "to_element": 4}, {"pose": [[-0.9963932904506578, 0.07033935269721174, 0.0474635250170948, 0.0], [-0.07242018343321414, -0.9964188171330323, -0.043644677736335014, 0.0], [0.04422361107384447, -0.04692458124849029, 0.9979190126950399, 0.0], [0.6681946462853362, 1.2703300213417714, 2.042525907141598, 1.0]], "at_element": 30, "to_element": 65}, {"pose": [[0.9963932904506578, -0.07033935269721174, -0.0474635250170948, 0.0], [0.015104762398248414, 0.6974370914714938, -0.7164868104806087, 0.0], [0.0835000413042025, 0.713185725391304, 0.6959840976633561, 0.0], [0.7040656874567381, 1.2677977423303077, 2.0408171781925524, 1.0]], "at_element": 65, "to_element": 30}, {"pose": [[-0.49693278680737896, 0.6399630199686829, 0.5860931141622593, 0.0], [0.47257672425968006, 0.7660253084300963, -0.43574816870821814, 0.0], [-0.7278248725372337, 0.060436412179566947, -0.6830947189072837, 0.0], [0.5844037401611775, 1.3855371110254493, 1.4226007874366955, 1.0]], "at_element": 5, "to_element": 64}, {"pose": [[0.49693278680737896, -0.6399630199686829, -0.5860931141622593, 0.0], [-0.8664647945634338, -0.40320804986785314, -0.29438415090474707, 0.0], [-0.04792249135842251, 0.6541181862586644, -0.7548727265093613, 0.0], [0.6022928831580863, 1.3624990055091977, 1.401501951120998, 1.0]], "at_element": 64, "to_element": 5}, {"pose": [[0.5671528834114488, -0.604278540618306, -0.559629388243943, 0.0], [-0.42270524273470017, -0.7967288778959442, 0.4319066715058564, 0.0], [-0.7068648276740578, -0.00839883771006189, -0.7072987875872858, 0.0], [0.6207005802864156, 1.368173024935608, 1.349703322226055, 1.0]], "at_element": 16, "to_element": 64}, {"pose": [[-0.5671528834114488, 0.604278540618306, 0.559629388243943, 0.0], [0.8222171499428124, 0.4549470779704859, 0.3420264822876076, 0.0], [-0.04792249135842251, 0.6541181862586644, -0.7548727265093613, 0.0], [0.6002834591273518, 1.389926644706374, 1.369849602635001, 1.0]], "at_element": 64, "to_element": 16}, {"pose": [[0.9913605584662137, 0.13083702774721911, 0.009269049996093725, 0.0], [0.09923470044154087, -0.7019421781444982, -0.7052869293911769, 0.0], [-0.08577130840691745, 0.7001134555998981, -0.7088613629914772, 0.0], [0.7060928448665392, 1.324123898997588, 1.3972708166886632, 1.0]], "at_element": 27, "to_element": 31}, {"pose": [[-0.9913605584662137, -0.13083702774721911, -0.009269049996093725, 0.0], [0.13037698786429688, -0.9906758318430744, 0.03953779505062839, 0.0], [-0.01435563140337881, 0.0379877397630593, 0.9991750834937311, 0.0], [0.6704038666848993, 1.3194137662524994, 1.3969371309067848, 1.0]], "at_element": 31, "to_element": 27}, {"pose": [[-0.8230197942179889, -0.5679287067070816, 0.009767416413818918, 0.0], [0.5662885223532037, -0.8217390508991714, -0.06373571744598325, 0.0], [0.04422361107384447, -0.04692458124849029, 0.9979190126950399, 0.0], [0.6404875229921076, 1.2997293654153268, 1.4173063818696936, 1.0]], "at_element": 30, "to_element": 31}, {"pose": [[0.8230197942179889, 0.5679287067070816, -0.009767416413818918, 0.0], [-0.5678312550154206, 0.8222006541749524, -0.03941763693948407, 0.0], [-0.01435563140337881, 0.0379877397630593, 0.9991750834937311, 0.0], [0.6701162638100358, 1.3201748183343223, 1.4169547545438153, 1.0]], "at_element": 31, "to_element": 30}, {"pose": [[0.9987948221910468, 0.023361979742817104, -0.04316388614167412, 0.0], [-0.021287916477297993, 0.9986252057589724, 0.04790117989053656, 0.0], [0.04422361107384447, -0.04692458124849029, 0.9979190126950399, 0.0], [0.6431139662708263, 1.2969425113336692, 1.476572860114128, 1.0]], "at_element": 30, "to_element": 64}, {"pose": [[-0.9987948221910468, -0.023361979742817104, 0.04316388614167412, 0.0], [0.01059896156975056, 0.7560314916114085, 0.6544494218084935, 0.0], [-0.04792249135842251, 0.6541181862586644, -0.7548727265093613, 0.0], [0.6071573478857588, 1.296101479950978, 1.478126760222068, 1.0]], "at_element": 64, "to_element": 30}, {"pose": [[-0.4185484308102611, 0.7696731713170991, 0.482100010807869, 0.0], [0.5185596199425481, 0.638327370518492, -0.5688884676384189, 0.0], [-0.7455958232389088, 0.011890222942709805, -0.6662923464719273, 0.0], [1.3269370226487964, 1.3480890014416889, 2.035262400975305, 1.0]], "at_element": 6, "to_element": 36}, {"pose": [[0.4185484308102611, -0.7696731713170991, -0.482100010807869, 0.0], [0.707995998691328, -0.05595366039696084, 0.7039963449658319, 0.0], [-0.5688223597076172, -0.6359814441026178, 0.5215062088353378, 0.0], [1.3420051822554804, 1.320380002108118, 2.0179063213092694, 1.0]], "at_element": 36, "to_element": 6}, {"pose": [[-0.042682834793732284, 0.9969357488959545, 0.0655537046034255, 0.0], [0.6650301075760888, 0.07731581449894079, -0.7428036219928529, 0.0], [-0.7455958232389088, 0.011890222942709805, -0.6662923464719273, 0.0], [1.4004939685739914, 1.3469159684675556, 2.1009