{
  "line": [
    [
      [
        -0.4315122593036179,
        -0.6524537190485368,
        -0.2453448857949647
      ],
      [
        0.41070180545082247,
        1.1615678923415198,
        -0.24431409016649155
      ]
    ],
    [
      [
        -0.14082755034839156,
        1.0709137032512264,
        -0.2712616115096801
      ],
      [
        0.9149663027623693,
        -0.6273638462380633,
        -0.3052131156617196
      ]
    ],
    [
      [
        -0.7518645592554914,
        -0.2344757048363208,
        -0.2520493433695149
      ],
      [
        1.2447123179935211,
        -0.26156959303459143,
        -0.36583288548735393
      ]
    ],
    [
      [
        0.8700335690335348,
        -0.3435396461684781,
        -0.6413677061724723
      ],
      [
        0.00975598949510642,
        0.3548847169119186,
        1.0236025323601103
      ]
    ],
    [
      [
        0.11520736634557033,
        0.924625474959666,
        -0.669530319973646
      ],
      [
        0.21994763036473863,
        -0.10057644797601528,
        1.0445264160482914
      ]
    ],
    [
      [
        -0.3322735693840321,
        -0.3486473866885522,
        -0.6564183503971295
      ],
      [
        0.3362978726615393,
        0.33592742828906563,
        1.0998189768395588
      ]
    ]
  ],
  "adj": [
    [
      0,
      2
    ],
    [
      0,
      5
    ],
    [
      2,
      5
    ],
    [
      0,
      1
    ],
    [
      0,
      4
    ],
    [
      1,
      4
    ],
    [
      1,
      2
    ],
    [
      1,
      3
    ],
    [
      2,
      3
    ],
    [
      3,
      4
    ],
    [
      3,
      5
    ],
    [
      4,
      5
    ]
  ],
  "coupler_contact_pts": [
    [
      [
        -0.2411065678237938,
        -0.24234415934084563,
        -0.2451118460457757
      ],
      [
        -0.24314105879572567,
        -0.24137916936220527,
        -0.28104114553876286
      ]
    ],
    [
      [
        -0.21025541531278752,
        -0.17589471408303775,
        -0.2450740869599654
      ],
      [
        -0.17812470708804024,
        -0.19080871418645035,
        -0.251492311248667
      ]
    ],
    [
      [
        -0.19507355654444936,
        -0.24203145355261452,
        -0.28378047941026563
      ],
      [
        -0.19535763746874452,
        -0.20845414350780722,
        -0.29676064562392
      ]
    ],
    [
      [
        0.15100339460322898,
        0.602210658312729,
        -0.24463193808405295
      ],
      [
        0.15035961805547726,
        0.6025300037793856,
        -0.2806254113915946
      ]
    ],
    [
      [
        0.17303402995334655,
        0.6496618352880495,
        -0.24460497453219396
      ],
      [
        0.14181914897267806,
        0.664148274739278,
        -0.2340329904920453
      ]
    ],
    [
      [
        0.10994763974260686,
        0.6675339392512433,
        -0.279325870344411
      ],
      [
        0.13960798286612663,
        0.6857912576512925,
        -0.27021835048602333
      ]
    ],
    [
      [
        0.6824488256980722,
        -0.2533521866714483,
        -0.2977359760054215
      ],
      [
        0.6803932223876756,
        -0.2539116868158433,
        -0.3336727286136348
      ]
    ],
    [
      [
        0.6581566523205489,
        -0.21427746336841225,
        -0.29695480473523556
      ],
      [
        0.6880870010259281,
        -0.19582463080848472,
        -0.28923064257685205
      ]
    ],
    [
      [
        0.71983922017466,
        -0.25444697572261576,
        -0.33592072887934943
      ],
      [
        0.7194864015014976,
        -0.2213165264475903,
        -0.35000064117153684
      ]
    ],
    [
      [
        0.22331996816106492,
        0.181500812316013,
        0.6102735360468399
      ],
      [
        0.19289408416526255,
        0.16422475188401575,
        0.6017997002935327
      ]
    ],
    [
      [
        0.1846468647366431,
        0.21289793142033298,
        0.6851209664168167
      ],
      [
        0.18354257706155103,
        0.17951567982690897,
        0.6985536292725781
      ]
    ],
    [
      [
        0.1947428212252364,
        0.14612923907777708,
        0.6320539701338466
      ],
      [
        0.16145355547642137,
        0.1568979206560857,
        0.6405290685595926
      ]
    ]
  ],
  "radius": 0.01,
  "half_couplers": [
    {
      "pose": [
        [
          0.056513966876023315,
          -0.026805433123545067,
          0.998041903079723,
          0.0
        ],
        [
          0.9052486060913802,
          -0.4202533368190135,
          -0.06254673502348614,
          0.0
        ],
        [
          0.4211070323772201,
          0.9070108056950281,
          0.0005153978142365677,
          0.0
        ],
        [
          -0.2411065678237938,
          -0.24234415934084563,
          -0.2451118460457757,
          1.0
        ]
      ],
      "at_element": 0,
      "to_element": 2
    },
    {
      "pose": [
        [
          -0.056513966876023315,
          0.026805433123545067,
          -0.998041903079723,
          0.0
        ],
        [
          0.015045426434015534,
          0.9995488727724293,
          0.02599396242946755,
          0.0
        ],
        [
          0.9982884386245061,
          -0.013546944099135313,
          -0.0568917710589195,
          0.0
        ],
        [
          -0.24314105879572567,
          -0.24137916936220527,
          -0.28104114553876286,
          1.0
        ]
      ],
      "at_element": 2,
      "to_element": 0
    },
    {
      "pose": [
        [
          -0.8925184976479467,
          0.4142772351331769,
          0.17828377325674588,
          0.0
        ],
        [
          0.16149179124247517,
          -0.07553655276001492,
          0.9839789787177521,
          0.0
        ],
        [
          0.4211070323772201,
          0.9070108056950281,
          0.0005153978142365677,
          0.0
        ],
        [
          -0.21025541531278752,
          -0.17589471408303775,
          -0.2450740869599654,
          1.0
        ]
      ],
      "at_element": 0,
      "to_element": 5
    },
    {
      "pose": [
        [
          0.8925184976479467,
          -0.4142772351331769,
          -0.17828377325674588,
          0.0
        ],
        [
          0.30276028153727363,
          0.8433348700990613,
          -0.44398480694554243,
          0.0
        ],
        [
          0.3342857210227857,
          0.3422874074888089,
          0.8781186636183441,
          0.0
        ],
        [
          -0.17812470708804024,
          -0.19080871418645035,
          -0.251492311248667,
          1.0
        ]
      ],
      "at_element": 5,
      "to_element": 0
    },
    {
      "pose": [
        [
          0.007891133233899658,
          -0.9327026369578933,
          0.3605600103007502,
          0.0
        ],
        [
          -0.0579475911917869,
          -0.3603918302589102,
          -0.9309993584088565,
          0.0
        ],
        [
          0.9982884386245061,
          -0.013546944099135313,
          -0.0568917710589195,
          0.0
        ],
        [
          -0.19507355654444936,
          -0.24203145355261452,
          -0.28378047941026563,
          1.0
        ]
      ],
      "at_element": 2,
      "to_element": 5
    },
    {
      "pose": [
        [
          -0.007891133233899658,
          0.9327026369578933,
          -0.3605600103007502,
          0.0
        ],
        [
          -0.942438744288753,
          0.11360071164558304,
          0.31449020903210323,
          0.0
        ],
        [
          0.3342857210227857,
          0.3422874074888089,
          0.8781186636183441,
          0.0
        ],
        [
          -0.19535763746874452,
          -0.20845414350780722,
          -0.29676064562392,
          1.0
        ]
      ],
      "at_element": 5,
      "to_element": 2
    },
    {
      "pose": [
        [
          0.01788236073015612,
          -0.00887054809970382,
          0.9998007474247692,
          0.0
        ],
        [
          0.9068346533173329,
          -0.42101390918693743,
          -0.019954944599413698,
          0.0
        ],
        [
          0.4211070323772201,
          0.9070108056950281,
          0.0005153978142365677,
          0.0
        ],
        [
          0.15100339460322898,
          0.602210658312729,
          -0.24463193808405295,
          1.0
        ]
      ],
      "at_element": 0,
      "to_element": 1
    },
    {
      "pose": [
        [
          -0.01788236073015612,
          0.00887054809970382,
          -0.9998007474247692,
          0.0
        ],
        [
          0.8491201658823676,
          0.528095308255597,
          -0.010501870801251204,
          0.0
        ],
        [
          0.5278969265553805,
          -0.8491387747446448,
          -0.016975752076019757,
          0.0
        ],
        [
          0.15035961805547726,
          0.6025300037793856,
          -0.2806254113915946,
          1.0
        ]
      ],
      "at_element": 1,
      "to_element": 0
    },
    {
      "pose": [
        [
          0.8670825130292312,
          -0.40240224949106695,
          -0.293667065234497,
          0.0
        ],
        [
          -0.2661518042046039,
          0.12411215877980454,
          -0.9559076258518137,
          0.0
        ],
        [
          0.4211070323772201,
          0.9070108056950281,
          0.0005153978142365677,
          0.0
        ],
        [
          0.17303402995334655,
          0.6496618352880495,
          -0.24460497453219396,
          1.0
        ]
      ],
      "at_element": 0,
      "to_element": 4
    },
    {
      "pose": [
        [
          -0.8670825130292312,
          0.40240224949106695,
          0.293667065234497,
          0.0
        ],
        [
          -0.49540416315591396,
          -0.7584936940454893,
          -0.4233934709239346,
          0.0
        ],
        [
          0.05237013200958415,
          -0.5126009614678406,
          0.8570283680109687,
          0.0
        ],
        [
          0.14181914897267806,
          0.664148274739278,
          -0.2340329904920453,
          1.0
        ]
      ],
      "at_element": 4,
      "to_element": 0
    },
    {
      "pose": [
        [
          -0.8238944318046544,
          -0.5071452783550991,
          -0.25298543808570234,
          0.0
        ],
        [
          0.20621057241245028,
          0.14753646283983773,
          -0.9673211421022693,
          0.0
        ],
        [
          0.5278969265553805,
          -0.8491387747446448,
          -0.016975752076019757,
          0.0
        ],
        [
          0.10994763974260686,
          0.6675339392512433,
          -0.279325870344411,
          1.0
        ]
      ],
      "at_element": 1,
      "to_element": 4
    },
    {
      "pose": [
        [
          0.8238944318046544,
          0.5071452783550991,
          0.25298543808570234,
          0.0
        ],
        [
          -0.564318469053233,
          0.6928520195138166,
          0.44888834306655995,
          0.0
        ],
        [
          0.05237013200958415,
          -0.5126009614678406,
          0.8570283680109687,
          0.0
        ],
        [
          0.13960798286612663,
          0.6857912576512925,
          -0.27021835048602333,
          1.0
        ]
      ],
      "at_element": 4,
      "to_element": 1
    },
    {
      "pose": [
        [
          0.057100340152910885,
          0.015541738232749428,
          0.9982474670777416,
          0.0
        ],
        [
          -0.8473867983912691,
          -0.5279410910299253,
          0.05669054872134187,
          0.0
        ],
        [
          0.5278969265553805,
          -0.8491387747446448,
          -0.016975752076019757,
          0.0
        ],
        [
          0.6824488256980722,
          -0.2533521866714483,
          -0.2977359760054215,
          1.0
        ]
      ],
      "at_element": 1,
      "to_element": 2
    },
    {
      "pose": [
        [
          -0.057100340152910885,
          -0.015541738232749428,
          -0.9982474670777416,
          0.0
        ],
        [
          0.012639005620210348,
          0.9997874447492726,
          -0.016288672709975312,
          0.0
        ],
        [
          0.9982884386245061,
          -0.013546944099135313,
          -0.0568917710589195,
          0.0
        ],
        [
          0.6803932223876756,
          -0.2539116868158433,
          -0.3336727286136348,
          1.0
        ]
      ],
      "at_element": 2,
      "to_element": 1
    },
    {
      "pose": [
        [
          -0.8314000236344995,
          -0.5125795752486476,
          -0.21456043376743486,
          0.0
        ],
        [
          0.17349016004930662,
          0.12737943422343437,
          -0.9765631797804911,
          0.0
        ],
        [
          0.5278969265553805,
          -0.8491387747446448,
          -0.016975752076019757,
          0.0
        ],
        [
          0.6581566523205489,
          -0.21427746336841225,
          -0.29695480473523556,
          1.0
        ]
      ],
      "at_element": 1,
      "to_element": 3
    },
    {
      "pose": [
        [
          0.8314000236344995,
          0.5125795752486476,
          0.21456043376743486,
          0.0
        ],
        [
          -0.35178775168619825,
          0.784418913146446,
          -0.5108153741438473,
          0.0
        ],
        [
          -0.4301387897692142,
          0.3492121815401984,
          0.8324851192662914,
          0.0
        ],
        [
          0.6880870010259281,
          -0.19582463080848472,
          -0.28923064257685205,
          1.0
        ]
      ],
      "at_element": 3,
      "to_element": 1
    },
    {
      "pose": [
        [
          0.009800537300571024,
          -0.920292004372216,
          0.39110941711647534,
          0.0
        ],
        [
          -0.05765537943042055,
          -0.3909975792689054,
          -0.9185841007924044,
          0.0
        ],
        [
          0.9982884386245061,
          -0.013546944099135313,
          -0.0568917710589195,
          0.0
        ],
        [
          0.71983922017466,
          -0.25444697572261576,
          -0.33592072887934943,
          1.0
        ]
      ],
      "at_element": 2,
      "to_element": 3
    },
    {
      "pose": [
        [
          -0.009800537300571024,
          0.920292004372216,
          -0.39110941711647534,
          0.0
        ],
        [
          -0.9027095717917784,
          -0.1763901328093631,
          -0.3924308219839509,
          0.0
        ],
        [
          -0.4301387897692142,
          0.3492121815401984,
          0.8324851192662914,
          0.0
        ],
        [
          0.7194864015014976,
          -0.2213165264475903,
          -0.35000064117153684,
          1.0
        ]
      ],
      "at_element": 3,
      "to_element": 2
    },
    {
      "pose": [
        [
          0.8451626052467592,
          0.4798900911185243,
          0.23538409279041114,
          0.0
        ],
        [
          -0.3173023671963162,
          0.8048331210320498,
          -0.5015604201503783,
          0.0
        ],
        [
          -0.4301387897692142,
          0.3492121815401984,
          0.8324851192662914,
          0.0
        ],
        [
          0.22331996816106492,
          0.181500812316013,
          0.6102735360468399,
          1.0
        ]
      ],
      "at_element": 3,
      "to_element": 4
    },
    {
      "pose": [
        [
          -0.8451626052467592,
          -0.4798900911185243,
          -0.23538409279041114,
          0.0
        ],
        [
          0.5319375338945441,
          -0.7120012322661387,
          -0.4583630714681223,
          0.0
        ],
        [
          0.05237013200958415,
          -0.5126009614678406,
          0.8570283680109687,
          0.0
        ],
        [
          0.19289408416526255,
          0.16422475188401575,
          0.6017997002935327,
          1.0
        ]
      ],
      "at_element": 4,
      "to_element": 3
    },
    {
      "pose": [
        [
          0.030674295467816283,
          0.9272738180948096,
          -0.3731251182558297,
          0.0
        ],
        [
          -0.9022414915827298,
          -0.13495969227812304,
          -0.40956827553750463,
          0.0
        ],
        [
          -0.4301387897692142,
          0.3492121815401984,
          0.8324851192662914,
          0.0
        ],
        [
          0.1846468647366431,
          0.21289793142033298,
          0.6851209664168167,
          1.0
        ]
      ],
      "at_element": 3,
      "to_element": 5
    },
    {
      "pose": [
        [
          -0.030674295467816283,
          -0.9272738180948096,
          0.3731251182558297,
          0.0
        ],
        [
          0.9419724753504369,
          -0.15166607053149528,
          -0.29947497179515026,
          0.0
        ],
        [
          0.3342857210227857,
          0.3422874074888089,
          0.8781186636183441,
          0.0
        ],
        [
          0.18354257706155103,
          0.17951567982690897,
          0.6985536292725781,
          1.0
        ]
      ],
      "at_element": 5,
      "to_element": 3
    },
    {
      "pose": [
        [
          0.9247135957102042,
          -0.2991338510880335,
          -0.23542239706949536,
          0.0
        ],
        [
          0.37704394330370056,
          0.8048348858216132,
          0.45834339897341914,
          0.0
        ],
        [
          0.05237013200958415,
          -0.5126009614678406,
          0.8570283680109687,
          0.0
        ],
        [
          0.1947428212252364,
          0.14612923907777708,
          0.6320539701338466,
          1.0
        ]
      ],
      "at_element": 4,
      "to_element": 5
    },
    {
      "pose": [
        [
          -0.9247135957102042,
          0.2991338510880335,
          0.23542239706949536,
          0.0
        ],
        [
          -0.1820928956027142,
          -0.890706612644047,
          0.4165139944385863,
          0.0
        ],
        [
          0.3342857210227857,
          0.3422874074888089,
          0.8781186636183441,
          0.0
        ],
        [
          0.16145355547642137,
          0.1568979206560857,
          0.6405290685595926,
          1.0
        ]
      ],
      "at_element": 5,
      "to_element": 4
    }
  ]
}