{"line": [[[-0.36910364324815736, -0.18689301533615946, 1.2110776235452], [-0.7805639962179408, -0.49439799572410764, -0.1982275474417612]], [[0.7972086495702232, -1.061467791918659, 1.2695023090816235], [0.9607864324487376, -1.2256748779649969, -0.2124822866010445]], [[1.2882203368915703, -1.1908812378105604, 1.0508100987277105], [1.2323029071645017, -1.2676158703238287, 0.256464432644127]], [[1.0505647803814946, -1.4711295145321508, 0.7759004371337297], [1.1017824934322533, -1.2289379385676604, 0.015163960815098632]], [[0.1840935546651301, 0.8278366226294975, 0.8563236509211559], [0.38389247613398725, 0.8204683144204215, 0.08171013502176372]], [[0.6015543439554077, 1.0730228041526089, 0.9796016955554752], [0.5604205085658291, 0.9636974413450394, 0.188175152765093]], [[0.6974770298357894, 0.45517811781435985, 0.9786307034155102], [0.4893266013220121, 0.6825893442863826, 0.24041831312121165]], [[-1.105180178183573, -0.36321974365530796, 0.9761832631265865], [-0.9476400170886068, -0.49215568902231144, 0.2025188529108335]], [[-0.7728520734229881, -1.0741547346390599, 0.8799378279915674], [-0.7675845225404958, -0.7555151243903035, 0.14615240180198885]], [[0.7440726070311529, 0.7251142500726073, 0.7902842565192939], [0.34768976295326814, -0.4495784240971115, 1.6346643617874854]], [[-0.7218052943379203, 1.3672192593830281, 1.505276464329413], [0.6617701694110746, 1.943694159797692, 1.5635484584917614]], [[-0.010401496402629856, -0.51039828135475, 2.0389523413785824], [0.43325601502790856, -0.2728624885874729, 1.417064280948345]], [[1.881004367088885, -1.9351135567896622, 1.7894387302409822], [0.4143629690538446, -2.025440215943168, 1.488101536691981]], [[2.007178743711774, -0.9251766966784452, 1.4569368173498636], [1.3703163816584132, -2.2312371999464298, 1.8292435371430915]], [[1.3110300858354826, 1.1017629159986744, 1.8793288931889063], [0.2278917765571742, 2.0357939061210093, 1.4272254620309266]], [[0.05783636695287406, -0.3671488222623763, 1.9967260920267957], [-0.6416332998310255, -1.6515887260956597, 1.6636250282488994]], [[1.5307239122678384, -0.16078802799877961, 1.639992285048602], [1.9821880636405291, -1.5888923664388999, 1.558150250898406]], [[1.816059396006181, 0.5369605568651421, 1.645380333782884], [0.5875697610453088, 0.4528901851443173, 0.7887909400869166]], [[1.8233744634699482, 0.28886468414751704, 1.532335148742844], [0.9737113800252589, 1.4971971791755434, 1.7931132653297377]], [[1.7548429318556005, 0.7416258879414299, 1.5218175569285695], [1.5565674877539393, -0.7448755009302861, 1.5534477505534796]], [[-1.3982969786739274, -1.083590513548788, 1.3629726366331487], [-0.2018582348127683, -1.8096744430666731, 1.9027285624772274]], [[-1.248363988218499, -1.39963127262887, 1.7909838783155718], [-0.6125755955367487, -0.98516369960931, 0.49715632000401966]], [[-0.2705442178171029, 0.04729911509762519, 1.0906371874205743], [-0.8451316167210157, -1.251853459035655, 0.6089195209978986]], [[1.077375147368641, -1.0967680698130906, 0.7561450720082428], [2.0359048725489957, -1.372743531591473, 1.8764389220502227]], [[1.268619934215536, -1.3458512757843077, 0.8104228188780599], [1.6379745794003013, -0.27041089293378023, 1.7886892084748542]], [[1.1567968043449963, -1.3786525213193233, 0.571183490096663], [0.5467356714631775, -2.166435953429879, 1.6924429062172441]], [[0.9997576250343342, -1.4905685932375585, 0.6304679086919475], [1.7125197347833048, -2.0311472615266015, 1.8345214283899056]], [[0.9802990531387248, -1.3004163835550386, 0.9836368176412339], [0.3230130100348251, -0.1344837123008658, 1.660819262513314]], [[-0.8881229742608705, -0.4178932416651825, 0.7528711086058114], [-2.120253977708086, -0.39505721439201846, 1.6080504501491724]], [[0.3491212323881727, 0.7720242754739626, 0.73485385066242], [-0.7405067813495647, 1.4444774600943682, 1.5162100473946325]], [[0.6028324429643114, 0.8716759401093301, 0.8423820598515482], [0.348377397545955, 2.1468751535565875, 1.5901250610790005]], [[0.5189757276797692, 0.9863643573127168, 0.7456742018351233], [1.3319647148792189, 1.335099633407406, 1.957050532254194]], [[-1.9912648182855937, -0.5819301674521002, 1.5082095567144012], [-1.1930255030427999, 0.6763096917147409, 1.3360281047385163]], [[-0.4784824736142945, 1.5304949268621246, 1.484588827259215], [-1.4480033399840218, 0.39053496201206656, 1.3820190060994386]], [[-0.9892560214256549, -0.6066759325310769, 0.8186777187518999], [-1.3782733824056264, 0.6648741063712795, 1.5128145866847273]], [[-0.8399137780771702, -0.7745279953242872, 1.8353706545164514], [-2.193181764898153, -0.27242144960912074, 1.4272594287513805]], [[-1.158088088722583, -0.6007549387383975, 1.8078657305783445], [-1.1475357214967534, -1.3304601451243963, 1.480117413543614]], [[0.3346723912698314, 0.9498339222055956, 0.5740068274832271], [-0.21808393801916395, 0.1071089092959841, 1.6849861220911202]], [[-0.4674491435491279, -0.23041020060976675, 1.0324398651855122], [-0.08608048816488115, 0.2354677352570798, 1.559237452084748]], [[0.2873656754631015, -1.350638766593855, 1.5755120616666716], [0.7025382986911005, -2.030332501841203, 1.5003580917948796]], [[0.5869385529390001, -1.3073705578173873, 1.4613066698566], [-0.7953763910489716, -1.7601036933322582, 1.8276918546476941]], [[1.0750432459122017, -0.9723996149150613, 0.8239728800559409], [0.08074803918256193, -1.590498531099156, 1.761699264288842]], [[-0.6646906247372857, -0.2778085423430985, 2.2440113762199068], [0.014456198659245661, -0.5906536601493, 1.9596040546980713]], [[-0.7508185858235917, -0.40210778585405743, 2.344379123386731], [-0.0180047565514648, 0.34581806113790775, 1.2703256707928325]], [[-1.422039772466134, -0.822954926818712, 1.6197480698795692], [-0.3508373961367328, -0.17289822896017076, 2.4443399437878033]]], "adj": [[1, 27], [1, 41], [2, 23], [2, 24], [3, 25], [25, 26], [4, 29], [4, 37], [5, 30], [5, 31], [6, 9], [6, 17], [7, 28], [7, 34], [8, 21], [8, 22], [0, 22], [0, 38], [9, 11], [9, 27], [10, 33], [29, 33], [10, 14], [14, 30], [11, 15], [15, 42], [12, 13], [12, 26], [12, 25], [25, 39], [13, 16], [13, 23], [14, 18], [18, 31], [15, 20], [20, 40], [16, 24], [19, 24], [17, 18], [18, 19], [20, 21], [20, 36], [28, 32], [28, 35], [32, 34], [33, 34], [35, 36], [36, 44], [37, 38], [38, 43], [39, 40], [39, 41], [42, 43], [42, 44]], "coupler_contact_pts": [[[0.8135908008058258, -1.07791296723667, 1.1210830350941676], [0.8453143581069151, -1.0609725862797181, 1.1227075719361088]], [[0.8231009387148793, -1.0874596917762995, 1.0349229366014379], [0.8454993834836296, -1.1150944721601996, 1.0404572145686064]], [[1.2861234332768052, -1.193758786529808, 1.0210221362495762], [1.3004350858152973, -1.1609904594791918, 1.016849221987016]], [[1.27991614767497, -1.2022769495048697, 0.93284336193846], [1.3143112116100273, -1.212813163242145, 0.9314399539148072]], [[1.0538598021797638, -1.4555484494156885, 0.7269594922359328], [1.0759866123016508, -1.4830042444600797, 0.7197082589490762]], [[1.0564762217751975, -1.5081983792480833, 0.7555673030855817], [1.063299106020708, -1.538760225063814, 0.7378071496280426]], [[0.19158601422021226, 0.8275603110716572, 0.8272756440749287], [0.21293491683561802, 0.8560703172794524, 0.8325110513084462]], [[0.2137633388549331, 0.8267424419762686, 0.7412949226463549], [0.247111090719777, 0.8163391176660577, 0.7499953901925458]], [[0.6000118251282985, 1.068923103047325, 0.9499232002008358], [0.5652115152773204, 1.0602128870452077, 0.9529351256450795]], [[0.595766965498669, 1.0576411300758959, 0.8682509090203436], [0.6041674624465118, 1.0229077344219284, 0.8726122694702924]], [[0.6896713887665228, 0.4637060388070607, 0.950947738779474], [0.662276969144993, 0.48271037705071723, 0.9645264326393679]], [[0.6650122813614272, 0.49064692909846336, 0.8634933974648005], [0.6761852991447865, 0.4589544945338721, 0.8505799270612278]], [[-1.0857133310317653, -0.37915203878175663, 0.8805834699323628], [-1.0817366847987326, -0.4143048505266338, 0.8872516615083008]], [[-1.0992724221425116, -0.36805484160657054, 0.9471708477434959], [-1.064536718703226, -0.3606119180337386, 0.9530036195096886]], [[-0.7726545402648947, -1.0622057492547314, 0.8524208745094581], [-0.780242556214835, -1.0944650317312974, 0.8383581048126876]], [[-0.7715872767172017, -0.9976458715324525, 0.7037479039638118], [-0.7383368619197074, -1.010388573330332, 0.6984531936249083]], [[-0.4341263521733494, -0.23548775037805741, 0.9883663969143739], [-0.4009477636428217, -0.24754567711112377, 0.9813105786083391]], [[-0.4125002776239475, -0.21932549906469573, 1.0624385121756466], [-0.4424676446994774, -0.1998929335123725, 1.066947665250681]], [[0.3982691977173667, -0.2996847231745831, 1.5269193645238717], [0.3707204300056812, -0.3063442608593393, 1.5047222889282956]], [[0.3929839593549722, -0.31534768860889334, 1.5381780508961034], [0.42231187763251055, -0.31062588839813415, 1.55851456482753]], [[-0.5564482364599179, 1.4361162555864653, 1.5122408011247916], [-0.5561911148400679, 1.439125320499783, 1.476367692769411]], [[-0.6331000707425287, 1.3781924677054997, 1.4391902774865963], [-0.6198947248361322, 1.3642227912908431, 1.4696282113294759]], [[0.4452917531955579, 1.8534971472750674, 1.554431045429373], [0.45090039683048055, 1.8434851671396697, 1.5203095691479085]], [[0.36758655434090926, 1.915329833813199, 1.4855342558478113], [0.39116670716012125, 1.9324369062260056, 1.4643841596213663]], [[0.02963202994359268, -0.4889641904785303, 1.9828361449653655], [0.0016240765428973403, -0.4703717528869657, 1.9699567057015126]], [[-0.044185716366756944, -0.5544925215116293, 1.9481411910705324], [-0.036351606775738426, -0.5672493338251502, 1.9808809146617223]], [[1.517660281909981, -1.957490981415319, 1.7147857939014446], [1.5101374739381024, -1.9444957986152118, 1.7475047889829425]], [[1.6409976874885688, -1.9498949488680988, 1.7401267857120266], [1.6464521757779307, -1.981039781659565, 1.7229149388329765]], [[0.6373225368903875, -2.011708711489546, 1.5339109694113735], [0.6429654972460481, -2.0421725667943034, 1.5155776832829568]], [[0.6619877337822452, -2.0176087944488734, 1.4806158398179747], [0.6869693253200505, -2.0048439867694277, 1.5031763656650718]], [[1.855695869935595, -1.2358337713447924, 1.5454929877264942], [1.8697684122613967, -1.2332783240563174, 1.5785298378918564]], [[1.8146842915823076, -1.3199392325172976, 1.5694681621441278], [1.7928572433115055, -1.302766378091787, 1.5923739033562945]], [[1.0608058246656424, 1.3175407279466431, 1.7748849398499909], [1.085428560467397, 1.3383206762282047, 1.7588250910242391]], [[1.149939072519917, 1.2465782556113965, 1.7390255608799976], [1.1719086247044512, 1.2664428549312166, 1.7185624810875582]], [[-0.593243984424389, -1.5627311664630408, 1.6866689616785595], [-0.6082167265437819, -1.5630672749329952, 1.7194058432370944]], [[-0.48624329285439905, -1.63708940977641, 1.7744323825958317], [-0.4866437666513199, -1.6589881771561559, 1.7458616898701678]], [[1.6116717106244165, -0.4168480089933151, 1.6253179582890154], [1.5842917416757898, -0.4267178253295308, 1.6465057635697604]], [[1.5851995104891814, -0.5302168388101229, 1.5488801833134123], [1.5503972061286544, -0.5254076692520775, 1.5567332770204994]], [[1.68478914942869, 0.5279772182096185, 1.5538494834393934], [1.667682676699399, 0.5102788526919784, 1.5801199845361893]], [[1.7233222213355095, 0.4311521128084383, 1.5630431267314078], [1.7135070441560645, 0.43172440339803525, 1.5284117276667446]], [[-1.087787592521894, -1.2720296429285851, 1.5030544269176136], [-1.099303991440479, -1.3024597359823773, 1.4876472117561836]], [[-1.1286572641561166, -1.2472270260536793, 1.4846166693934113], [-1.1485581642888427, -1.2597573527885548, 1.511873691277324]], [[-1.900590804264359, -0.3991284001714822, 1.4555898696578389], [-1.8807714087385707, -0.40776283515899747, 1.484375957784504]], [[-1.9516871793590318, -0.3981813919296985, 1.4910540891981818], [-1.942985309843475, -0.36525249196075094, 1.5027123197891017]], [[-1.3322843392232495, 0.4568003101577432, 1.3660664505781077], [-1.3118240178978233, 0.4476763653447963, 1.394246732439405]], [[-1.3410438757595382, 0.5162976055065547, 1.393334712132595], [-1.3287660361629774, 0.5030533899841934, 1.4244769500970695]], [[-1.1428276323731, -0.6621370790305461, 1.7440195359044308], [-1.1570018975517147, -0.6758659859139705, 1.7741294777915058]], [[-1.1572663225604556, -0.6575807707155628, 1.7823423128589395], [-1.1719961821193083, -0.6712165492223869, 1.8122270236971896]], [[-0.13955093579516278, 0.22683928922339408, 1.5271434438779412], [-0.11070188775849824, 0.20539036350960355, 1.5252270694566032]], [[-0.1380899133339825, 0.17193329606991253, 1.4873950515930408], [-0.1649574092207979, 0.19583496471545653, 1.4857078015095797]], [[0.3159832172719852, -1.397489552983485, 1.5703317541160735], [0.3072251945939416, -1.3989817397117321, 1.5354452233979003]], [[0.3381614407096466, -1.433798304298275, 1.5663170830062962], [0.3176184020937338, -1.443249189454347, 1.5383052587246322]], [[-0.6392226188599157, -0.28954023426083103, 2.2333461016628378], [-0.6579216821376774, -0.30729517097582837, 2.20822415993818]], [[-0.6083050301717647, -0.3037822454758064, 2.220398697237482], [-0.6105645069792387, -0.3305130286931207, 2.244406794116993]]], "radius": 0.01, "half_couplers": [{"pose": [[-0.8812100220065495, -0.4705661894784526, -0.0451260283533301, 0.0], [-0.45997455362360895, 0.8755475292286945, -0.1477834025873339, 0.0], [0.10905185525234294, -0.10947139069755853, -0.9879897304551118, 0.0], [0.8135908008058258, -1.07791296723667, 1.1210830350941676, 1.0]], "at_element": 1, "to_element": 27}, {"pose": [[0.8812100220065495, 0.4705661894784526, 0.0451260283533301, 0.0], [-0.17736350125604486, 0.4176004438436863, -0.8911520957298777, 0.0], [-0.43819069540259975, 0.7772884475027818, 0.45145496324805334, 0.0], [0.8453143581069151, -1.0609725862797181, 1.1227075719361088, 1.0]], "at_element": 27, "to_element": 1}, {"pose": [[-0.6221791059573287, 0.7676328928234512, -0.15372996443647202, 0.0], [0.7752424478678661, 0.6314711050192577, 0.015600979123007883, 0.0], [0.10905185525234294, -0.10947139069755853, -0.9879897304551118, 0.0], [0.8231009387148793, -1.0874596917762995, 1.0349229366014379, 1.0]], "at_element": 1, "to_element": 41}, {"pose": [[0.6221791059573287, -0.7676328928234512, 0.15372996443647202, 0.0], [0.41653952840158276, 0.49085782009635137, 0.7652146246179858, 0.0], [-0.6628634711530932, -0.41206594412272973, 0.6251509228219341, 0.0], [0.8454993834836296, -1.1150944721601996, 1.0404572145686064, 1.0]], "at_element": 41, "to_element": 1}, {"pose": [[-0.3975459238590606, -0.9102313527816851, 0.11591429090612346, 0.0], [-0.914916213414058, 0.40283813862843154, 0.025490321662589625, 0.0], [-0.06989678715883574, -0.09591829064158537, -0.9929320826044794, 0.0], [1.2861234332768052, -1.193758786529808, 1.0210221362495762, 1.0]], "at_element": 2, "to_element": 23}, {"pose": [[0.3975459238590606, 0.9102313527816851, -0.11591429090612346, 0.0], [-0.6584913911181216, 0.37098369801019004, 0.654797818898326, 0.0], [0.6390198167869031, -0.18398364118558833, 0.7468625666946532, 0.0], [1.3004350858152973, -1.1609904594791918, 1.016849221987016, 1.0]], "at_element": 23, "to_element": 2}, {"pose": [[-0.9554177875989414, 0.29267240315482823, 0.03898352948518012, 0.0], [0.28686458527398706, 0.9513897970611068, -0.11209890170563373, 0.0], [-0.06989678715883574, -0.09591829064158537, -0.9929320826044794, 0.0], [1.27991614767497, -1.2022769495048697, 0.93284336193846, 1.0]], "at_element": 2, "to_element": 24}, {"pose": [[0.9554177875989414, -0.29267240315482823, -0.03898352948518012, 0.0], [0.1629247421963229, 0.6327012382213479, -0.7570631886001558, 0.0], [0.2462364301231769, 0.716960255233685, 0.6521775930645296, 0.0], [1.3143112116100273, -1.212813163242145, 0.9314399539148072, 1.0]], "at_element": 24, "to_element": 2}, {"pose": [[-0.6146343752330307, 0.7626619174059417, 0.2014233961599155, 0.0], [0.7862097367773707, 0.5715729289160638, 0.23490133402509566, 0.0], [0.06402214131344838, 0.30273946995561285, -0.9509205953982885, 0.0], [1.0538598021797638, -1.4555484494156885, 0.7269594922359328, 1.0]], "at_element": 3, "to_element": 25}, {"pose": [[0.6146343752330307, -0.7626619174059417, -0.2014233961599155, 0.0], [0.6758799136948074, 0.37752266363413634, 0.6329794473017951, 0.0], [-0.40670742192121245, -0.5251889547403703, 0.7475062774137206, 0.0], [1.0759866123016508, -1.4830042444600797, 0.7197082589490762, 1.0]], "at_element": 25, "to_element": 3}, {"pose": [[-0.18952447317542376, 0.8489397619937951, 0.49333736385307037, 0.0], [-0.8936831356928354, 0.05897323396793183, -0.44480626193162426, 0.0], [-0.40670742192121245, -0.5251889547403703, 0.7475062774137206, 0.0], [1.0564762217751975, -1.5081983792480833, 0.7555673030855817, 1.0]], "at_element": 25, "to_element": 26}, {"pose": [[0.18952447317542376, -0.8489397619937951, -0.49333736385307037, 0.0], [0.8592377090727304, 0.38655319284912015, -0.3350928056607555, 0.0], [0.4751747398326471, -0.360385778859362, 0.8027023464653054, 0.0], [1.063299106020708, -1.538760225063814, 0.7378071496280426, 1.0]], "at_element": 26, "to_element": 25}, {"pose": [[-0.5930237946872345, -0.7919429102507052, -0.14542766531302145, 0.0], [-0.7654726578009282, 0.6105256716199419, -0.2032486517844627, 0.0], [0.24974865183607134, -0.009210385261345096, -0.9682668948742399, 0.0], [0.19158601422021226, 0.8275603110716572, 0.8272756440749287, 1.0]], "at_element": 4, "to_element": 29}, {"pose": [[0.5930237946872345, 0.7919429102507052, 0.14542766531302145, 0.0], [-0.34733080247391934, 0.4145499165907107, -0.841135946388845, 0.0], [-0.7264186758251583, 0.4483021230802704, 0.5209041311548083, 0.0], [0.21293491683561802, 0.8560703172794524, 0.8325110513084462, 1.0]], "at_element": 29, "to_element": 4}, {"pose": [[-0.926326495488846, 0.2889812479344668, -0.24167966835791366, 0.0], [0.2820369384697995, 0.9572904507752993, 0.06364085317629463, 0.0], [0.24974865183607134, -0.009210385261345096, -0.9682668948742399, 0.0], [0.2137633388549331, 0.8267424419762686, 0.7412949226463549, 1.0]], "at_element": 4, "to_element": 37}, {"pose": [[0.926326495488846, -0.2889812479344668, 0.24167966835791366, 0.0], [0.07825512089881942, 0.7751463485867345, 0.6269164811406412, 0.0], [-0.3685042195259968, -0.5618166752730743, 0.7406528630719287, 0.0], [0.247111090719777, 0.8163391176660577, 0.7499953901925458, 1.0]], "at_element": 37, "to_element": 4}, {"pose": [[0.9666748546678743, 0.24195033963859575, -0.08366455941204763, 0.0], [0.25079072392373764, -0.9606169780587344, 0.11966216720046646, 0.0], [-0.05141729423697324, -0.13665670350946177, -0.9892831784879775, 0.0], [0.6000118251282985, 1.068923103047325, 0.9499232002008358, 1.0]], "at_element": 5, "to_element": 30}, {"pose": [[-0.9666748546678743, -0.24195033963859575, 0.08366455941204763, 0.0], [0.191737102310013, -0.4676903251835789, 0.8628456659956272, 0.0], [-0.16963669694557096, 0.8501328089648383, 0.49849533415163494, 0.0], [0.5652115152773204, 1.0602128870452077, 0.9529351256450795, 1.0]], "at_element": 30, "to_element": 5}, {"pose": [[-0.23334726459275085, 0.964817071679602, -0.12114896740244581, 0.0], [0.971033117849453, 0.22461737150435462, -0.08149675121160047, 0.0], [-0.05141729423697324, -0.13665670350946177, -0.9892831784879775, 0.0], [0.595766965498669, 1.0576411300758959, 0.8682509090203436, 1.0]], "at_element": 5, "to_element": 31}, {"pose": [[0.23334726459275085, -0.964817071679602, 0.12114896740244581, 0.0], [0.8073369882750588, 0.1227857178579473, -0.577174717787488, 0.0], [0.5419926581329665, 0.23249018406312613, 0.8075842202793806, 0.0], [0.6041674624465118, 1.0229077344219284, 0.8726122694702924, 1.0]], "at_element": 31, "to_element": 5}, {"pose": [[0.7609560931351363, -0.5278982793687667, -0.3771859368534372, 0.0], [-0.5943467089411294, -0.8003232885096414, -0.07895963171115705, 0.0], [-0.26018803564222154, 0.2842640330900284, -0.9227654878678728, 0.0], [0.6896713887665228, 0.4637060388070607, 0.950947738779474, 1.0]], "at_element": 6, "to_element": 9}, {"pose": [[-0.7609560931351363, 0.5278982793687667, 0.3771859368534372, 0.0], [-0.5925495743505809, -0.3286841010865142, -0.7354262462204456, 0.0], [-0.2642552293852565, -0.7831284494464792, 0.5629200701787943, 0.0], [0.662276969144993, 0.48271037705071723, 0.9645264326393679, 1.0]], "at_element": 9, "to_element": 6}, {"pose": [[-0.3103610719142723, 0.8803438922015311, 0.35870689497650143, 0.0], [0.9143184298420695, 0.37972172831542605, -0.14083045798504862, 0.0], [-0.26018803564222154, 0.2842640330900284, -0.9227654878678728, 0.0], [0.6650122813614272, 0.49064692909846336, 0.8634933974648005, 1.0]], "at_element": 6, "to_element": 17}, {"pose": [[0.3103610719142723, -0.8803438922015311, -0.35870689497650143, 0.0], [-0.48262441257690686, -0.47101313659033817, 0.738390344969466, 0.0], [-0.8189930899739148, -0.05604691448054988, -0.5710595957973116, 0.0], [0.6761852991447865, 0.4589544945338721, 0.8505799270612278, 1.0]], "at_element": 17, "to_element": 6}, {"pose": [[-0.11046245213909824, 0.9764674948120714, -0.18522763898202357, 0.0], [0.9741758115111006, 0.14330207496206193, 0.17448783217822483, 0.0], [0.19692520136870786, -0.16116993170875435, -0.9670805127696914, 0.0], [-1.0857133310317653, -0.37915203878175663, 0.8805834699323628, 1.0]], "at_element": 7, "to_element": 28}, {"pose": [[0.11046245213909824, -0.9764674948120714, 0.18522763898202357, 0.0], [0.5595231284449466, 0.21512661584710557, 0.8004089004311182, 0.0], [-0.8214206689648105, 0.015224018182109354, 0.5701195610289074, 0.0], [-1.0817366847987326, -0.4143048505266338, 0.8872516615083008, 1.0]], "at_element": 28, "to_element": 7}, {"pose": [[-0.9648853298995086, -0.206748879565413, -0.16202222360887072, 0.0], [-0.17382970175033655, 0.9650280586135523, -0.19622456746785638, 0.0], [0.19692520136870786, -0.16116993170875435, -0.9670805127696914, 0.0], [-1.0992724221425116, -0.36805484160657054, 0.9471708477434959, 1.0]], "at_element": 7, "to_element": 34}, {"pose": [[0.9648853298995086, 0.206748879565413, 0.16202222360887072, 0.0], [0.04167156334849914, 0.48852795910613833, -0.8715525881894239, 0.0], [-0.2593449073199809, 0.8477000259349041, 0.46275791195521826, 0.0], [-1.064536718703226, -0.3606119180337386, 0.9530036195096886, 1.0]], "at_element": 34, "to_element": 7}, {"pose": [[0.21077815711814524, 0.8960909090363401, 0.3906323734975174, 0.0], [0.9775117460420412, -0.19590451969517375, -0.0780525817179865, 0.0], [0.006584438603115386, 0.3982995128109453, -0.9172317827369728, 0.0], [-0.7726545402648947, -1.0622057492547314, 0.8524208745094581, 1.0]], "at_element": 8, "to_element": 21}, {"pose": [[-0.21077815711814524, -0.8960909090363401, -0.3906323734975174, 0.0], [-0.8808610431000355, 0.34738007816334815, -0.32157565835109997, 0.0], [0.42385892845450013, 0.2763117153463733, -0.8625517055410347, 0.0], [-0.780242556214835, -1.0944650317312974, 0.8383581048126876, 1.0]], "at_element": 21, "to_element": 8}, {"pose": [[-0.9236224583427675, 0.3539638717942574, 0.1470752593378003, 0.0], [0.3832469172911173, 0.846207466026495, 0.3702090285607222, 0.0], [0.006584438603115386, 0.3982995128109453, -0.9172317827369728, 0.0], [-0.7715872767172017, -0.9976458715324525, 0.7037479039638118, 1.0]], "at_element": 8, "to_element": 22}, {"pose": [[0.9236224583427675, -0.3539638717942574, -0.1470752593378003, 0.0], [0.013708367627572118, -0.35295523066298534, 0.9355397831223567, 0.0], [-0.38305826593594183, -0.8661017160888534, -0.32114511094845044, 0.0], [-0.7383368619197074, -1.010388573330332, 0.6984531936249083, 1.0]], "at_element": 22, "to_element": 8}, {"pose": [[-0.92162855932422, 0.33494280907121515, 0.19599518690377624, 0.0], [0.27451142446932275, 0.9196667621124622, -0.2808140390034002, 0.0], [-0.2743069019798557, -0.20500332025863213, -0.9395367806579743, 0.0], [-0.4341263521733494, -0.23548775037805741, 0.9883663969143739, 1.0]], "at_element": 0, "to_element": 22}, {"pose": [[0.92162855932422, -0.33494280907121515, -0.19599518690377624, 0.0], [0.062186522141955136, -0.37105408236458853, 0.9265266884577376, 0.0], [-0.38305826593594183, -0.8661017160888534, -0.32114511094845044, 0.0], [-0.4009477636428217, -0.24754567711112377, 0.9813105786083391, 1.0]], "at_element": 22, "to_element": 0}, {"pose": [[0.832426813482266, -0.5397934553187509, -0.12525424460194662, 0.0], [-0.48147826921053744, -0.8164537122690912, 0.3187193310736658, 0.0], [-0.2743069019798557, -0.20500332025863213, -0.9395367806579743, 0.0], [-0.4125002776239475, -0.21932549906469573, 1.0624385121756466, 1.0]], "at_element": 0, "to_element": 38}, {"pose": [[-0.832426813482266, 0.5397934553187509, 0.12525424460194662, 0.0], [-0.28251087594025315, -0.607860599322115, 0.742086987331829, 0.0], [0.47671081923030856, 0.5823474198335582, 0.6584969836240449, 0.0], [-0.4424676446994774, -0.1998929335123725, 1.066947665250681, 1.0]], "at_element": 38, "to_element": 0}, {"pose": [[0.7652452570680129, 0.18498757116325407, 0.6165868106358022, 0.0], [-0.5869998895037893, 0.5937082028932029, 0.5504013985627783, 0.0], [-0.2642552293852565, -0.7831284494464792, 0.5629200701787943, 0.0], [0.3982691977173667, -0.2996847231745831, 1.5269193645238717, 1.0]], "at_element": 9, "to_element": 11}, {"pose": [[-0.7652452570680129, -0.18498757116325407, -0.6165868106358022, 0.0], [-0.32687874838579856, 0.9368128233237973, 0.12462751666397531, 0.0], [0.5545718892881731, 0.29691974095909635, -0.7773600755377971, 0.0], [0.3707204300056812, -0.3063442608593393, 1.5047222889282956, 1.0]], "at_element": 11, "to_element": 9}, {"pose": [[-0.8146656580086467, -0.13116132005283174, -0.5649040394468228, 0.0], [0.5162257639869264, -0.6078704959031591, -0.603327788856573, 0.0], [-0.2642552293852565, -0.7831284494464792, 0.5629200701787943, 0.0], [0.3929839593549722, -0.31534768860889334, 1.5381780508961034, 1.0]], "at_element": 9, "to_element": 27}, {"pose": [[0.8146656580086467, 0.13116132005283174, 0.5649040394468228, 0.0], [0.3798799548856538, 0.6153205485766857, -0.6907038745912464, 0.0], [-0.43819069540259975, 0.7772884475027818, 0.45145496324805334, 0.0], [0.42231187763251055, -0.31062588839813415, 1.55851456482753, 1.0]], "at_element": 27, "to_element": 9}, {"pose": [[-0.0071422658781739815, -0.08358512080055476, 0.9964750451561153, 0.0], [0.386209016062279, -0.9194097445278212, -0.07435265684219194, 0.0], [0.92238364249933, 0.38431660027644265, 0.03884799610823227, 0.0], [-0.5564482364599179, 1.4361162555864653, 1.5122408011247916, 1.0]], "at_element": 10, "to_element": 33}, {"pose": [[0.0071422658781739815, 0.08358512080055476, -0.9964750451561153, 0.0], [0.7630099788948373, -0.6445572866862463, -0.04859708104982611, 0.0], [-0.6463472442464847, -0.7599733099000385, -0.0683798807731842, 0.0], [-0.5561911148400679, 1.439125320499783, 1.476367692769411, 1.0]], "at_element": 33, "to_element": 10}, {"pose": [[-0.36681504572043633, 0.38804644187774096, -0.8454978895178504, 0.0], [-0.5811734935847797, -0.805260930002038, -0.11744021869323479, 0.0], [-0.7264186758251583, 0.4483021230802704, 0.5209041311548083, 0.0], [-0.6331000707425287, 1.3781924677054997, 1.4391902774865963, 1.0]], "at_element": 29, "to_element": 33}, {"pose": [[0.36681504572043633, -0.38804644187774096, 0.8454978895178504, 0.0], [-0.6690903990404362, 0.5214024618139078, 0.5295823927646255, 0.0], [-0.6463472442464847, -0.7599733099000385, -0.0683798807731842, 0.0], [-0.6198947248361322, 1.3642227912908431, 1.4696282113294759, 1.0]], "at_element": 33, "to_element": 29}, {"pose": [[-0.1557973531583233, 0.278113587972717, 0.9478291074522888, 0.0], [0.35346230463590805, -0.8803144795678984, 0.3164029334007077, 0.0], [0.92238364249933, 0.38431660027644265, 0.03884799610823227, 0.0], [0.4452917531955579, 1.8534971472750674, 1.554431045429373, 1.0]], "at_element": 10, "to_element": 14}, {"pose": [[0.1557973531583233, -0.278113587972717, -0.9478291074522888, 0.0], [-0.674025244716368, -0.7313776899058997, 0.10381061695679, 0.0], [-0.7220922061855389, 0.6226873267482232, -0.3014022874386531, 0.0], [0.45090039683048055, 1.8434851671396697, 1.5203095691479085, 1.0]], "at_element": 14, "to_element": 10}, {"pose": [[-0.6550037133179064, -0.47519607019922233, 0.5875021960869333, 0.0], [0.22260498940017862, 0.6216503743860915, 0.7509978899569414, 0.0], [-0.7220922061855389, 0.6226873267482232, -0.3014022874386531, 0.0], [0.36758655434090926, 1.915329833813199, 1.4855342558478113, 1.0]], "at_element": 14, "to_element": 30}, {"pose": [[0.6550037133179064, 0.47519607019922233, -0.5875021960869333, 0.0], [-0.736337916033901, 0.22685436294851494, -0.6374508384354631, 0.0], [-0.16963669694557096, 0.8501328089648383, 0.49849533415163494, 0.0], [0.39116670716012125, 1.9324369062260056, 1.4643841596213663, 1.0]], "at_element": 30, "to_element": 14}, {"pose": [[0.777997461427351, -0.5164557738668829, 0.3577616296532601, 0.0], [-0.2952456089833414, -0.8031887082550041, -0.5174146589609864, 0.0], [0.5545718892881731, 0.29691974095909635, -0.7773600755377971, 0.0], [0.02963202994359268, -0.4889641904785303, 1.9828361449653655, 1.0]], "at_element": 11, "to_element": 15}, {"pose": [[-0.777997461427351, 0.5164557738668829, -0.3577616296532601, 0.0], [0.42103685390424506, 0.005938916090881902, -0.9070240883957166, 0.0], [-0.4663131111892664, -0.856293269222189, -0.22206737585193093, 0.0], [0.0016240765428973403, -0.4703717528869657, 1.9699567057015126, 1.0]], "at_element": 15, "to_element": 11}, {"pose": [[-0.2176142363813244, 0.3543560296181414, -0.9094371052455689, 0.0], [0.8574357856173018, -0.37575742355679903, -0.35158246854016584, 0.0], [-0.4663131111892664, -0.856293269222189, -0.22206737585193093, 0.0], [-0.044185716366756944, -0.5544925215116293, 1.9481411910705324, 1.0]], "at_element": 15, "to_element": 42}, {"pose": [[0.2176142363813244, -0.3543560296181414, 0.9094371052455689, 0.0], [-0.48161800947086086, -0.8494155040008713, -0.21572527556193233, 0.0], [0.8489335292456641, -0.3910563972577519, -0.3555091519022943, 0.0], [-0.036351606775738426, -0.5672493338251502, 1.9808809146617223, 1.0]], "at_element": 42, "to_element": 15}, {"pose": [[0.2089668836790387, -0.3609772923526749, -0.9088609552242866, 0.0], [-0.01778767366133245, -0.9306283975080881, 0.36553301412765166, 0.0], [-0.9777609320233603, -0.0602177727690038, -0.20089146236600086, 0.0], [1.517660281909981, -1.957490981415319, 1.7147857939014446, 1.0]], "at_element": 12, "to_element": 13}, {"pose": [[-0.2089668836790387, 0.3609772923526749, 0.9088609552242866, 0.0], [-0.8809477788110122, 0.33401303980950464, -0.33521082954635917, 0.0], [-0.42457490803557385, -0.8707070021786563, 0.2482044798621519, 0.0], [1.5101374739381024, -1.9444957986152118, 1.7475047889829425, 1.0]], "at_element": 13, "to_element": 12}, {"pose": [[-0.15151357966276727, 0.8651343359626928, 0.4781069084589393, 0.0], [0.14500756872171314, 0.49791204100838077, -0.8550183649678443, 0.0], [-0.9777609320233603, -0.0602177727690038, -0.20089146236600086, 0.0], [1.6409976874885688, -1.9498949488680988, 1.7401267857120266, 1.0]], "at_element": 12, "to_element": 26}, {"pose": [[0.15151357966276727, -0.8651343359626928, -0.4781069084589393, 0.0], [0.8667482920679739, 0.34880463175582893, -0.3564866435968261, 0.0], [0.4751747398326471, -0.360385778859362, 0.8027023464653054, 0.0], [1.6464521757779307, -1.981039781659565, 1.7229149388329765, 1.0]], "at_element": 26, "to_element": 12}, {"pose": [[-0.15674896759572693, 0.846218574478595, 0.5092581716232819, 0.0], [0.13933169404870846, 0.5294222738515589, -0.8368385357901259, 0.0], [-0.9777609320233603, -0.0602177727690038, -0.20089146236600086, 0.0], [0.6373225368903875, -2.011708711489546, 1.5339109694113735, 1.0]], "at_element": 12, "to_element": 25}, {"pose": [[0.15674896759572693, -0.846218574478595, -0.5092581716232819, 0.0], [0.9000104633346633, -0.08994824081728958, 0.4264862012562649, 0.0], [-0.40670742192121245, -0.5251889547403703, 0.7475062774137206, 0.0], [0.6429654972460481, -2.0421725667943034, 1.5155776832829568, 1.0]], "at_element": 25, "to_element": 12}, {"pose": [[-0.6939337522215713, -0.35457832524319277, -0.6266818641028506, 0.0], [0.5941759171170534, -0.7735960012089319, -0.22023670545951007, 0.0], [-0.40670742192121245, -0.5251889547403703, 0.7475062774137206, 0.0], [0.6619877337822452, -2.0176087944488734, 1.4806158398179747, 1.0]], "at_element": 25, "to_element": 39}, {"pose": [[0.6939337522215713, 0.35457832524319277, 0.6266818641028506, 0.0], [-0.49912971031415, -0.39041628719559063, 0.7735920468658679, 0.0], [0.5189657790349989, -0.8496171690591848, -0.09394246233974003, 0.0], [0.6869693253200505, -2.0048439867694277, 1.5031763656650718, 1.0]], "at_element": 39, "to_element": 25}, {"pose": [[-0.39090391922943496, -0.07098464067985716, -0.9176902019301607, 0.0], [0.8166579904694817, -0.4866523370380637, -0.31022448236356026, 0.0], [-0.42457490803557385, -0.8707070021786563, 0.2482044798621519, 0.0], [1.855695869935595, -1.2358337713447924, 1.5454929877264942, 1.0]], "at_element": 13, "to_element": 16}, {"pose": [[0.39090391922943496, 0.07098464067985716, 0.9176902019301607, 0.0], [-0.8698318875558617, -0.2975310667629694, 0.39353240235321973, 0.0], [0.3009761009151272, -0.9520695589600804, -0.054561356100130666, 0.0], [1.8697684122613967, -1.2332783240563174, 1.5785298378918564, 1.0]], "at_element": 16, "to_element": 13}, {"pose": [[0.6063069090859649, -0.4770237440141016, -0.636270602528038, 0.0], [0.6724046991665117, -0.11965644154756996, 0.7304479834560199, 0.0], [-0.42457490803557385, -0.8707070021786563, 0.2482044798621519, 0.0], [1.8146842915823076, -1.3199392325172976, 1.5694681621441278, 1.0]], "at_element": 13, "to_element": 23}, {"pose": [[-0.6063069090859649, 0.4770237440141016, 0.636270602528038, 0.0], [-0.47333456006112173, -0.8594174581790048, 0.19327707269327848, 0.0], [0.6390198167869031, -0.18398364118558833, 0.7468625666946532, 0.0], [1.7928572433115055, -1.302766378091787, 1.5923739033562945, 1.0]], "at_element": 23, "to_element": 13}, {"pose": [[-0.6839637979985171, -0.5772198696075383, 0.44610620389958705, 0.0], [0.10380929049727855, 0.5282780662088906, 0.842701558067295, 0.0], [-0.7220922061855389, 0.6226873267482232, -0.3014022874386531, 0.0], [1.0608058246656424, 1.3175407279466431, 1.7748849398499909, 1.0]], "at_element": 14, "to_element": 18}, {"pose": [[0.6839637979985171, 0.5772198696075383, -0.44610620389958705, 0.0], [-0.4597139552388372, -0.13378478779563774, -0.8779320645204507, 0.0], [-0.566442055629793, 0.805554996685351, 0.1738520777245958, 0.0], [1.085428560467397, 1.3383206762282047, 1.7588250910242391, 1.0]], "at_element": 18, "to_element": 14}, {"pose": [[-0.6102650644245006, -0.551794177771672, 0.5684186278793515, 0.0], [0.5538230301791829, 0.21588036662131246, 0.8041615002912014, 0.0], [-0.566442055629793, 0.805554996685351, 0.1738520777245958, 0.0], [1.149939072519917, 1.2465782556113965, 1.7390255608799976, 1.0]], "at_element": 18, "to_element": 31}, {"pose": [[0.6102650644245006, 0.551794177771672, -0.5684186278793515, 0.0], [-0.5777720222310176, 0.8009191592736296, 0.15718775599741547, 0.0], [0.5419926581329665, 0.23249018406312613, 0.8075842202793806, 0.0], [1.1719086247044512, 1.2664428549312166, 1.7185624810875582, 1.0]], "at_element": 31, "to_element": 18}, {"pose": [[0.4159096012518061, 0.009336348586078796, -0.9093580351993613, 0.0], [0.7807504632848768, -0.5164055283203841, 0.35178693040048414, 0.0], [-0.4663131111892664, -0.856293269222189, -0.22206737585193093, 0.0], [-0.593243984424389, -1.5627311664630408, 1.6866689616785595, 1.0]], "at_element": 15, "to_element": 20}, {"pose": [[-0.4159096012518061, -0.009336348586078796, 0.9093580351993613, 0.0], [-0.43682060404075573, -0.8749872381633905, -0.2087704311838041, 0.0], [0.7976258292407729, -0.48405595301192345, 0.35983728389605246, 0.0], [-0.6082167265437819, -1.5630672749329952, 1.7194058432370944, 1.0]], "at_element": 20, "to_element": 15}, {"pose": [[0.011124268382085575, 0.6082988885719443, 0.7936300856287524, 0.0], [-0.6030499872986761, -0.6290169286401188, 0.4905796737566884, 0.0], [0.7976258292407729, -0.48405595301192345, 0.35983728389605246, 0.0], [-0.48624329285439905, -1.63708940977641, 1.7744323825958317, 1.0]], "at_element": 20, "to_element": 40}, {"pose": [[-0.011124268382085575, -0.6082988885719443, -0.7936300856287524, 0.0], [0.38811622520219297, -0.734081662993276, 0.5572162127862279, 0.0], [-0.921543295991981, -0.30182209034324725, 0.2442567898607294, 0.0], [-0.4866437666513199, -1.6589881771561559, 1.7458616898701678, 1.0]], "at_element": 40, "to_element": 20}, {"pose": [[0.7605549668544637, 0.27416166360651323, -0.5885503585943302, 0.0], [0.5752995124897403, 0.135642681741652, 0.8066173403907209, 0.0], [0.3009761009151272, -0.9520695589600804, -0.054561356100130666, 0.0], [1.6116717106244165, -0.4168480089933151, 1.6253179582890154, 1.0]], "at_element": 16, "to_element": 24}, {"pose": [[-0.7605549668544637, -0.27416166360651323, 0.5885503585943302, 0.0], [0.6007693091971309, -0.6409394469244007, 0.477779093832124, 0.0], [0.2462364301231769, 0.716960255233685, 0.6521775930645296, 0.0], [1.5842917416757898, -0.4267178253295308, 1.6465057635697604, 1.0]], "at_element": 24, "to_element": 16}, {"pose": [[0.966730832800486, -0.13358806485242797, -0.21814152709161572, 0.0], [0.2189953995663621, -0.008449483157636432, 0.9756893056722197, 0.0], [-0.13218362940110745, -0.9910009259144772, 0.021086795749940098, 0.0], [1.5851995104891814, -0.5302168388101229, 1.5488801833134123, 1.0]], "at_element": 19, "to_element": 24}, {"pose": [[-0.966730832800486, 0.13358806485242797, 0.21814152709161572, 0.0], [0.06927566234306587, -0.6841945785697469, 0.7260018328232347, 0.0], [0.2462364301231769, 0.716960255233685, 0.6521775930645296, 0.0], [1.5503972061286544, -0.5254076692520775, 1.5567332770204994, 1.0]], "at_element": 24, "to_element": 19}, {"pose": [[0.4751792885547059, 0.49162073726942995, -0.7297353591647492, 0.0], [0.32164415477919706, -0.8690039091188668, -0.37600165376299044, 0.0], [-0.8189930899739148, -0.05604691448054988, -0.5710595957973116, 0.0], [1.68478914942869, 0.5279772182096185, 1.5538494834393934, 1.0]], "at_element": 17, "to_element": 18}, {"pose": [[-0.4751792885547059, -0.49162073726942995, 0.7297353591647492, 0.0], [0.673311251459931, 0.33074189030409495, 0.6612577112257638, 0.0], [-0.566442055629793, 0.805554996685351, 0.1738520777245958, 0.0], [1.667682676699399, 0.5102788526919784, 1.5801199845361893, 1.0]], "at_element": 18, "to_element": 17}, {"pose": [[0.2726439135433052, -0.015896966827912376, 0.9619836707831703, 0.0], [0.7776944734416501, 0.5923077188091816, -0.21062495630237704, 0.0], [-0.566442055629793, 0.805554996685351, 0.1738520777245958, 0.0], [1.7233222213355095, 0.4311521128084383, 1.5630431267314078, 1.0]], "at_element": 18, "to_element": 19}, {"pose": [[-0.2726439135433052, 0.015896966827912376, -0.9619836707831703, 0.0], [0.9529914923681856, -0.13290767954607155, -0.2722916895381446, 0.0], [-0.13218362940110745, -0.9910009259144772, 0.021086795749940098, 0.0], [1.7135070441560645, 0.43172440339803525, 1.5284117276667446, 1.0]], "at_element": 19, "to_element": 18}, {"pose": [[0.3198999346205099, 0.8452802692250172, 0.42797815164874453, 0.0], [-0.5113287282734686, -0.22625450451339407, 0.829066843402651, 0.0], [0.7976258292407729, -0.48405595301192345, 0.35983728389605246, 0.0], [-1.087787592521894, -1.2720296429285851, 1.5030544269176136, 1.0]], "at_element": 20, "to_element": 21}, {"pose": [[-0.3198999346205099, -0.8452802692250172, -0.42797815164874453, 0.0], [-0.8473533150930584, 0.4573325949691608, -0.2698874894832614, 0.0], [0.42385892845450013, 0.2763117153463733, -0.8625517055410347, 0.0], [-1.099303991440479, -1.3024597359823773, 1.4876472117561836, 1.0]], "at_element": 21, "to_element": 20}, {"pose": [[0.5528027481609008, 0.34806461055509647, -0.7571394511613333, 0.0], [0.24125123451234068, 0.8028330220119542, 0.5452127847120106, 0.0], [0.7976258292407729, -0.48405595301192345, 0.35983728389605246, 0.0], [-1.1286572641561166, -