{"line": [[[0.0, 0.0, -0.10000000000000009], [0.0, 0.0, 1.1]], [[-0.09988333026862395, -0.037353484636678314, -0.039178002684095325], [1.0999685348659618, -0.021134640115797687, -0.048793137392627806]], [[0.9024452792500053, -0.03239089506704462, 0.04646219862789225], [2.0985764617905707, 0.04213972780944275, -0.014491721736196617]], [[-0.10086986743679804, 1.0137618202696497, -0.0029936735259230574], [1.0956064286925091, 0.9283728063534763, -0.03695231164817736]], [[0.8955054527210454, 1.0108062448110873, -0.02902598637484144], [2.0913302401653278, 1.0078266357124077, -0.12899698048541408]], [[-0.09957056415575538, 0.04090189727917293, 0.9932179576864679], [1.0978881736666637, -0.017529978686465997, 0.9414657878394389]], [[0.8771432222566092, -0.012991452194717423, 1.0312363219776435], [2.076925011904351, -0.02231098647747287, 1.0103364772314598]], [[-0.11419953432129648, 0.9886297563387074, 0.9647916323884781], [1.0821199550493432, 1.0420269922700618, 0.8875361177188844]], [[0.9006900906038647, 1.0378741411826344, 0.9901433128541661], [2.098062293160128, 0.9657841757246907, 0.9569341962468727]], [[1.0389398370953173, -0.09887915890627186, 0.003834096171683621], [0.9346972592794179, 1.096584356050679, 0.003148985182087727]], [[2.0070169017545525, -0.10030640580040506, 0.027172615973407255], [1.94600219886315, 1.0981298906039016, 0.021914337566679265]], [[0.9806373269567812, 0.9064150991359214, 0.04189254932446995], [1.0246688864637965, 2.105102174066345, 0.00710004780294371]], [[1.9480234529900102, 0.9019489953548088, -0.038637079951537645], [2.0517375375295486, 2.0974250619926518, -0.04760160806163505]], [[0.9602548419685951, -0.10115966500595985, 0.9873258916377539], [0.957826357343737, 1.0977587425293804, 0.9364460868489168]], [[1.9766339525322725, -0.10025971460687733, 0.9551486037657253], [1.9250219771742514, 1.0976969956543072, 1.0024341654081834]], [[0.9623643501394072, 0.8986566711017886, 1.02870021750947], [0.9210728905008583, 2.0973986042886232, 0.992467732355824]], [[2.044749636512277, 0.9024686343131763, 1.0391882368287948], [1.9575833811668022, 2.098917443086967, 1.008984066374614]], [[1.101752006696652, 2.0004653622748165, -0.02203633149529871], [-0.09686432851479676, 2.0020085457194154, -0.07962538904212635]], [[2.101974199338809, 2.0249204956519824, -0.01405651890618409], [0.9050583927997969, 2.0818345461954375, 0.05038991550103211]], [[1.0968754705813164, 1.9808716140893718, 0.9707430364815062], [-0.10050475570450645, 1.9547319681602617, 0.8959278467777266]], [[2.0958181241058953, 1.9684883576674879, 0.9692321197472719], [0.9002096778031737, 1.8908775334545553, 1.0362918177378049]], [[-0.038645248114148156, 1.1024326766431092, -0.037651432046197586], [-0.061608607078165845, -0.09668548681786882, -0.0775050918914495]], [[0.03540826360928451, 2.1021774159412967, -0.030999177679618573], [-0.03371625962790259, 0.9066304912399786, -0.107741285576469]], [[0.021045695186900026, 1.1024379066698682, 1.0014577425493716], [0.0372654671063648, -0.09302340192903347, 0.8984568753594193]], [[-0.03538092317980346, 2.099205043404779, 0.9586098006076024], [-0.05198520589302569, 0.9009456898076552, 1.0210503268112088]], [[-0.09983712199378392, -0.009062920348608783, 1.9612376815309567], [1.0994829013642757, 0.030844614570327167, 1.9674722808858944]], [[0.8987112682531898, -0.016254912507877917, 1.9756454710848788], [2.097732289158462, -0.004673768301119985, 1.9285873312348967]], [[-0.10303372521719956, 0.9894962004376762, 1.967669419045467], [1.0948905589080105, 0.9737776759779339, 1.8988919700384619]], [[0.8976137787078102, 1.001060140535244, 1.9811989337070663], [2.095203485612183, 1.0179136787078407, 1.9070716636388667]], [[1.0384055290938692, -0.10075188607258467, 2.0121818873728206], [1.0434348076202549, 1.0963934021581123, 1.9296115220802694]], [[1.9676374075991503, -0.10405784676362306, 1.9713541589052097], [1.885997413070732, 1.0930456700835953, 1.9546783906943737]], [[0.9693285162193468, 0.9009514833108926, 2.020393604507493], [1.0597250389206472, 2.0967155632701093, 1.9759331303444667]], [[1.979953192494825, 0.9008353930992313, 1.9714154071278491], [1.9958071944448728, 2.0984515897647373, 2.045334931656997]], [[1.0991651391551354, 2.0278529766949807, 2.029839298644565], [-0.0962961279184642, 1.9286501489544532, 1.9977276513017892]], [[2.0995158673931176, 1.96183972183487, 2.0076086816943755], [0.9032951265528119, 2.0216828447344017, 1.9336171968795544]], [[0.012420711464966705, 1.1003270594247234, 2.0204344050575136], [-0.0065794565671164484, -0.09513756240224747, 1.917948642266527]], [[-0.026330109272816316, 2.10304232998943, 1.969405257760752], [-0.07526745021931602, 0.9047979418160084, 1.9267963048049639]], [[0.9805110865053139, 0.016441440781614358, -0.10259386166767648], [0.9026361199564182, -0.052888060156564, 1.092867936084419]], [[0.00850974913177549, 0.9727291426807, -0.13032710212934662], [-0.09131382613742978, 0.9522377598491132, 1.0653381340676933]], [[1.0221509315420079, 0.9770333384418362, -0.10113796489861127], [0.9957842068050011, 0.9270256543545818, 1.0975296401357757]], [[-0.03551337311068403, 0.006062736444646166, 0.8965483164703026], [-0.0427771802693695, -0.04937935132809157, 2.095244863561751]], [[0.9997984707406188, 0.032181796950447095, 0.9006861399817664], [1.0028229120004408, -0.06115150724159091, 2.0970471837656497]], [[-0.01286191747581844, 1.0379014644394136, 0.9009150688511016], [-0.027057206775439324, 0.9415854412513799, 2.0969592642882695]], [[0.9930175449951151, 1.0039716295163417, 0.861160461163442], [1.008263311946197, 0.9292043355321453, 2.0587319280665053]], [[1.9700719275086969, -0.0014604054050189053, -0.10197814281625983], [1.9344810291625394, -0.061436984890144375, 1.095993517060625]], [[1.992415528942387, 0.9730518398972016, -0.15182246621220208], [1.9669258537288192, 0.9347064524094496, 1.047293836619146]], [[2.0130624144960585, 0.012381892796165417, 0.8986649574368197], [1.9116913382929006, 0.03231551003536659, 2.0942094174269847]], [[2.009294899558305, 1.0091615012808746, 0.8994989566915897], [1.937690876560632, 0.974619858000698, 2.0968626185629753]], [[0.9856385647291241, 1.9626685854229797, -0.10170457170218161], [0.9607223157008498, 1.9291694465543654, 1.0975689534910589]], [[1.9664657926142084, 2.002741923876396, -0.10352816925127417], [1.9145026092672444, 1.9123446726953954, 1.0919333167679823]], [[0.9601569302702985, 2.0158900337119663, 0.9001377960927848], [0.9582519545683785, 1.977684583878563, 2.0995279389031225]], [[1.9977893043289794, 2.008768669332907, 0.8985083394108773], [2.0310633886224863, 1.9099466396451281, 2.093969355823716]], [[-0.009733937020655725, 1.9673687468983365, -0.10715540643595611], [-0.0812261698925607, 1.9102041125046885, 1.089348277308323]], [[-0.0009347748434846981, 2.035024628969691, 0.9009993748402124], [0.011280037966830525, 1.968185364822352, 2.0990742101974416]]], "adj": [[0, 1], [1, 21], [1, 37], [2, 9], [2, 37], [2, 10], [10, 44], [3, 21], [3, 38], [22, 38], [3, 9], [4, 9], [4, 39], [11, 39], [4, 45], [10, 45], [12, 45], [0, 5], [0, 23], [0, 40], [5, 40], [5, 13], [5, 37], [6, 37], [6, 41], [6, 44], [6, 46], [14, 44], [14, 46], [7, 23], [7, 38], [23, 42], [24, 38], [24, 42], [7, 43], [8, 15], [8, 43], [13, 43], [15, 39], [15, 43], [8, 14], [8, 45], [8, 47], [14, 45], [16, 47], [11, 17], [11, 18], [11, 48], [12, 18], [18, 49], [15, 19], [15, 20], [15, 48], [15, 50], [19, 50], [20, 48], [16, 20], [16, 51], [20, 49], [17, 22], [17, 52], [19, 52], [24, 52], [24, 53], [25, 35], [25, 40], [35, 40], [25, 29], [26, 29], [26, 41], [29, 41], [26, 30], [26, 46], [30, 46], [27, 36], [27, 42], [35, 42], [27, 29], [27, 43], [28, 29], [29, 43], [31, 43], [28, 30], [28, 47], [32, 47], [31, 34], [33, 50], [34, 50], [32, 34], [32, 51], [33, 36], [33, 53]], "coupler_contact_pts": [[[0.0, 0.0, -0.03998232715929251], [0.00048658143759372496, -0.03599674715946066, -0.03998232715929251]], [[-0.06013452383161022, -0.03681618521645347, -0.03949653377905871], [-0.06043908644279905, -0.035614567767728866, -0.07547535061287824]], [[0.9772779002443801, -0.022793095117551232, -0.04780994353875201], [0.9768085657652462, 0.013145209315999828, -0.04575631429798821]], [[1.0342625856581458, -0.02417739298976196, 0.03974489059789443], [1.0324416008123292, -0.024356784741641935, 0.003791387969490745]], [[0.973046140753311, -0.027991773749697302, 0.04286443330538958], [0.970909119364834, 0.007893127769418307, 0.044806328771024084]], [[1.9982536493517284, 0.03588863945983001, -0.009379348771292983], [2.0000702094772866, 0.03613887329641585, 0.02657394646804645]], [[2.002216242972648, -0.006013006697463519, 0.02675889273597898], [1.9662816865403168, -0.007847591434909207, 0.025599453569807307]], [[-0.03946974747923937, 1.0093798732854329, -0.004736344451412355], [-0.04040399349003243, 1.010593171436988, -0.04070379211576469]], [[0.0007746499849462518, 1.0065077483413496, -0.005878569278060075], [-0.0018108133951291183, 0.9706105790327261, -0.00670963202632624]], [[-0.029793510650937938, 0.9744766080181444, -0.10338624613251501], [0.006014159382392026, 0.97221685803444, -0.10043546682074966]], [[0.9474039267577737, 0.9389495854681619, -0.032745997533726756], [0.9484331445455092, 0.9390599545508701, 0.0032392612107969843]], [[0.9391621142777679, 1.010697466512328, -0.032675684809928995], [0.9421618622966366, 1.0109795988805108, 0.003198044613149653]], [[1.0210441377095454, 1.0104934429592145, -0.03952102483650166], [1.0208286741673267, 0.9745255173250825, -0.04102632432296116]], [[0.9830617200550171, 0.9724152295865116, 0.03997686199693595], [1.0190306609825004, 0.9711153677434273, 0.04071383034445808]], [[1.9919644613664487, 1.0080742231363473, -0.12068999789783508], [1.9917782870441147, 0.9720932051830302, -0.12184455779779135]], [[1.9527486553980902, 0.9656175943795459, 0.02249575065300946], [1.9886925498091537, 0.9674511770297257, 0.02331844619082457]], [[1.9541471023048929, 0.9725341644659001, -0.039166377651684625], [1.9900067005994775, 0.9694281194917265, -0.03850343360376218]], [[0.0, 0.0, 0.9888388527816653], [0.0017546063172232396, 0.035957576772529865, 0.9888388527816654]], [[0.0, 0.0, 0.9065138456798987], [0.03599671836156948, 0.0004883960337940252, 0.9065138456798987]], [[0.0, 0.0, 0.9265171764793629], [-0.03569497705406688, 0.004676617354621326, 0.9265171764793465]], [[-0.03424713623183795, 0.03771433822804282, 0.9903947880605513], [-0.03607192665364356, 0.0017994935090850372, 0.9887225976268293]], [[0.9584411328608421, -0.010725441766088695, 0.9474924564105598], [0.9600685664435831, -0.009197313865589196, 0.9834231852946563]], [[0.9139706300054723, -0.008555433877800223, 0.9494143973879492], [0.9121243982398, -0.044440960564728016, 0.9472129879426202]], [[0.9071378886704993, -0.013224441496902273, 1.0307138237394864], [0.9068220779182141, -0.04916144055978666, 1.028609124144111]], [[0.9998026424402495, -0.013944232676441404, 1.0290996310721683], [1.0001301805481817, 0.021945336820099137, 1.0318987037306884]], [[1.937318129836536, -0.021226563347562122, 1.0127683879221303], [1.937007340445441, -0.057179730465447554, 1.0109591554238957]], [[2.003264318480171, -0.021738812967605048, 1.0116196247752425], [2.003533855663718, 0.014255589433502358, 1.0110423351896671]], [[1.9745943197252078, -0.052918147252734915, 0.9570172627766897], [1.9386438843021296, -0.05442188204737919, 0.9558739158946614]], [[1.9717964583137966, 0.012022534225366366, 0.9595805912933492], [2.0076416412740867, 0.013447834113891388, 0.9625961657965211]], [[0.020102686468377984, 0.9946242815749249, 0.9561187090761327], [0.022549872700258544, 0.9915740777940352, 0.9919057223944134]], [[-0.0842915262708277, 0.989964688166114, 0.9628602431774765], [-0.08271767703299249, 0.9540023428316541, 0.9623753156991475]], [[0.02201782942892405, 1.0307877701035728, 0.9952843715272207], [-0.013976443771519298, 1.0303393261641998, 0.9948210596695259]], [[-0.051267312967792966, 0.9527529209538824, 1.0183506852317699], [-0.08714138081756562, 0.9530942626758515, 1.0153614847096564]], [[-0.05020781117110884, 1.0292125886165426, 1.0143664210005936], [-0.014213031469005433, 1.0287340622152865, 1.0147550910455314]], [[0.9919422643082438, 1.0380019475633335, 0.8933595820792153], [0.9933986891709623, 1.0021024471565843, 0.8910997479986367]], [[0.9565809100458011, 1.0345091330135927, 0.9885931810437216], [0.9576461119074304, 1.0356329385659604, 1.0245600515238658]], [[0.9968180089067905, 1.032086585487582, 0.9874772051548868], [0.994597484895228, 0.996223391505874, 0.9852664474262481]], [[0.9580264308755989, 0.9989844543356309, 0.9406378787755965], [0.994023546443463, 0.9990380629546531, 0.9401829619054667]], [[0.9613317155492259, 0.9286353251805113, 1.0277940999300623], [0.9972995945672981, 0.9298997706220559, 1.0286380262607493]], [[0.9591323762068604, 0.992484855278977, 1.0258642207064252], [0.9951094627605, 0.9937125831163046, 1.0254828619302256]], [[1.9294129058203273, 0.975938018015228, 0.961611686803242], [1.9303272195264296, 0.9745579250942792, 0.9975736390955994]], [[1.9709924840134376, 0.9734346440858033, 0.9604584772517348], [1.9687971215852607, 0.9375214938114063, 0.9592633782149991]], [[2.0034387977309196, 0.9714811549116457, 0.9595585787795469], [2.005633444223393, 1.0073952222539415, 0.9607258736167831]], [[1.9320399750593338, 0.9348034501018643, 0.996004456618707], [1.967998834905591, 0.9363205914145821, 0.9968173511042038]], [[2.037065671709745, 1.0079391572605223, 1.0365256493201338], [2.0012332559468566, 1.0052725798736568, 1.034305895061791]], [[1.020869638766892, 2.0016738794584095, 0.010102106616103335], [1.0225950759139777, 2.0005672745060457, -0.025839527654200944]], [[1.02356809597509, 2.0751349563299657, 0.0079698615270547], [1.0255489637790398, 2.0761051486812114, 0.04390225142568205]], [[1.0192737896873516, 1.9582295025932193, 0.011363101733007919], [0.983304228681422, 1.9595301416171225, 0.010652124433609633]], [[2.0456628833984474, 2.0274046432705863, -0.0470765452607711], [2.047603248137035, 2.027505866358834, -0.011128983050161523]], [[1.9642303305067736, 2.0314702976262966, -0.006639872589724316], [1.9623756613730687, 1.995626566476142, -0.009430886201879929]], [[0.9251794433923657, 1.9781803156887243, 0.9960711558718892], [0.9274454622587635, 1.977172838771313, 0.9601566430069083]], [[0.9281595210198228, 1.8916649915162238, 0.9986861183687041], [0.9300998978732359, 1.8928178046384176, 1.0346153247881547]], [[0.9268156243912191, 1.9306799659607623, 0.9975068741600915], [0.9627849585157592, 1.9319426070736148, 0.9982894464896672]], [[0.9240275548991943, 2.0116210574597146, 0.9950603952184072], [0.960006012335999, 2.0128632824720296, 0.995157109247028]], [[0.9609132604131962, 1.9779034641604574, 0.9622477913430209], [0.9600564640090848, 2.013875121553834, 0.9633922739651803]], [[0.9643280307398189, 1.8950396638192055, 1.0326955254927324], [0.9620502740362138, 1.9309548461398975, 1.033651416290551]], [[1.9676247203912385, 1.9610894693377894, 1.012463512868226], [1.9656774447595067, 1.960040503841314, 0.9765314949568059]], [[1.9650163054075565, 1.9968927166798347, 1.0115596652672236], [2.000914100553906, 1.999488212428847, 1.0107750523933536]], [[1.9173348856281576, 1.9569024314478405, 0.9792429490498769], [1.9195146050775003, 1.9210637429100244, 0.9766276797125346]], [[0.031206968704284965, 2.001843657673265, -0.07347203947648273], [0.029479703559239234, 1.9996396854253395, -0.0375810703817554]], [[-0.011557402215585322, 2.001898715548987, -0.07552670846897902], [-0.01152125893785394, 1.965939618168738, -0.07724254496754668]], [[-0.0705702377868973, 1.955385459576144, 0.8977982272863843], [-0.06968141884243395, 1.919435205819799, 0.8961337614862045]], [[-0.0379236398681313, 1.9157081644393212, 0.9681717052528089], [-0.0738585653125372, 1.916095191930458, 0.9660430500654681]], [[-0.036310005517650845, 2.0321571846797024, 0.962103621512944], [-0.0003158314784525995, 2.0316377805824035, 0.9617076707160409]], [[-0.005196708341747236, -0.005913747868367736, 1.9617296645300013], [-0.005112523292166937, -0.0028401243047639912, 1.925861192060446]], [[-0.04316144109291731, -0.007177029451637784, 1.9615323069492798], [-0.041956885722389314, -0.04311833127625908, 1.9598772499147725]], [[-0.00573442754055109, -0.04196949020572904, 1.9225066779755713], [-0.041729272394892325, -0.04138103872351806, 1.922315775087299]], [[1.0392295190917276, 0.02883967517951047, 1.9671590569832387], [1.038960361973786, 0.03131786597297248, 2.0030726775068937]], [[1.0373918384660175, -0.014915419993311696, 1.970202656026788], [1.0387765077587077, -0.012445907726923222, 2.0060911839626323]], [[1.0022619066780922, -0.015254734149540816, 1.9715814052014675], [1.0024986503869016, -0.05114489603167871, 1.968780859804828]], [[1.0386000541664886, -0.05444807273094554, 2.008988187477206], [1.0026005571781875, -0.05428970749708362, 2.0090915501829816]], [[1.9595041021541248, -0.0060088913216715945, 1.9340123915481415], [1.960909962778897, -0.005411982071444887, 1.9699800124329843]], [[1.925587693744595, -0.006336484257839947, 1.9353435134069894], [1.9252152545546912, 0.02965616596569065, 1.9347118193966408]], [[1.9583129926870129, 0.03266790816004761, 1.969449555865062], [1.9225236138392585, 0.030185450430022076, 1.9664563392947088]], [[-0.06972634864884708, 0.9890591587813565, 1.9657571142163186], [-0.07177057894777916, 0.9904198063522258, 1.9298409741846152]], [[-0.02479795407225427, 0.9884696323159132, 1.963177601965079], [-0.02543503466637942, 0.9525919916057544, 1.960280856818763]], [[0.010003254018818297, 0.9482239387174392, 2.0073947850938945], [-0.025989715567773963, 0.9488284431895836, 2.0070162813972883]], [[1.0408421336286446, 0.9744868706290671, 1.9019950983937528], [1.0429330233315606, 0.9769510818000169, 1.9378497836516229]], [[1.006864067305578, 0.9749327127191487, 1.903945910106029], [1.006264341633682, 0.9390075551078502, 1.901710650151442]], [[1.0452169748283313, 1.0031373428407353, 1.9720627312842536], [1.0430326843183564, 1.0006739040969483, 1.9362135561008944]], [[1.0427625128197766, 0.9363635790985907, 1.940649214061045], [1.006766031531423, 0.9365472002963371, 1.9411189336898114]], [[0.9718610193390762, 0.9344514031359445, 2.01914802241918], [1.007751394603315, 0.9317148471117651, 2.018520267661651]], [[1.889060192624769, 1.015012648549216, 1.9198313253693646], [1.8912746760764676, 1.0156641104695188, 1.9557563233324098]], [[1.9481129034004048, 1.015843690357203, 1.9161761367728962], [1.9485566689759048, 0.9798614954094927, 1.915164657319816]], [[1.9809688230146976, 0.9775564357898915, 1.9761507998295045], [1.9450370641803287, 0.9781636448105124, 1.974019547170185]], [[1.0535894418330929, 2.0155539611735005, 1.978950852128825], [1.055735394684507, 2.014056742469836, 1.943046294202102]], [[0.9553645731496279, 2.015919990515215, 2.0259766280667355], [0.9583705816620669, 1.9800637226110034, 2.024839234634224]], [[0.9602386908902022, 2.0188341391379865, 1.9371394053918496], [0.9585116968522328, 1.9828938738371749, 1.9359918189347822]], [[1.9940381518200834, 1.9648175643171228, 2.0370867435901463], [1.996365330171508, 1.967000015470783, 2.0012283698105406]], [[1.993383950202844, 1.9153989723957183, 2.0340365186283416], [2.0293664119440313, 1.9149865583463759, 2.0330009022079865]], [[-0.03405362540053036, 1.9338152115336373, 1.999399566022607], [-0.033190695839801165, 1.9350589619830911, 1.963431855760808]], [[0.013324025075457713, 1.93774674576931, 2.0006721914483876], [0.01029747909794354, 1.9735619115445733, 2.002701136508056]]], "radius": 0.01, "half_couplers": [{"pose": [[-0.013516137655595718, 0.9999086528392856, 0.0, 0.0], [-0.9999086528392856, -0.013516137655595718, 0.0, 0.0], [0.0, 0.0, 1.0, 0.0], [0.0, 0.0, -0.03998232715929251, 1.0]], "at_element": 0, "to_element": 1}, {"pose": [[0.013516137655595718, -0.9999086528392856, 0.0, 0.0], [-0.008011880327730809, -0.00010829957024801768, -0.9999678985071557, 0.0], [0.9998765542788215, 0.013515703767400522, -0.008012612257110401, 0.0], [0.00048658143759372496, -0.03599674715946066, -0.03998232715929251, 1.0]], "at_element": 1, "to_element": 0}, {"pose": [[0.008460033680803338, -0.033378109177519225, 0.9994069889979024, 0.0], [0.013240242959650402, -0.999351403450961, -0.0334883321018522, 0.0], [0.9998765542788215, 0.013515703767400522, -0.008012612257110401, 0.0], [-0.06013452383161022, -0.03681618521645347, -0.03949653377905871, 1.0]], "at_element": 1, "to_element": 21}, {"pose": [[-0.008460033680803338, 0.033378109177519225, -0.9994069889979024, 0.0], [0.999781094172224, -0.01884381511242733, -0.009092544627272051, 0.0], [-0.01913613247001474, -0.9992651362174815, -0.03321138320437659, 0.0], [-0.06043908644279905, -0.035614567767728866, -0.07547535061287824, 1.0]], "at_element": 21, "to_element": 1}, {"pose": [[0.013037071915513333, -0.9982864678649767, -0.057045270036512837, 0.0], [-0.008769889359667236, 0.05693376703978628, -0.9983394388740127, 0.0], [0.9998765542788215, 0.013515703767400522, -0.008012612257110401, 0.0], [0.9772779002443801, -0.022793095117551232, -0.04780994353875201, 1.0]], "at_element": 1, "to_element": 37}, {"pose": [[-0.013037071915513333, 0.9982864678649767, 0.057045270036512837, 0.0], [-0.997806879706641, -0.0092857691113973, -0.06553781581733163, 0.0], [-0.06489580545741307, -0.057774584115148624, 0.9962181647934126, 0.0], [0.9768085657652462, 0.013145209315999828, -0.04575631429798821, 1.0]], "at_element": 37, "to_element": 1}, {"pose": [[0.05058286323608859, 0.004983099377171322, 0.998707435972836, 0.0], [0.06228168893086461, -0.9980569418497701, 0.0018253902057260257, 0.0], [0.996775985450471, 0.062108852397072804, -0.050794933636740716, 0.0], [1.0342625856581458, -0.02417739298976196, 0.03974489059789443, 1.0]], "at_element": 2, "to_element": 9}, {"pose": [[-0.05058286323608859, -0.004983099377171322, -0.998707435972836, 0.0], [-0.9949347631648966, -0.08672765227852289, 0.05082451550449194, 0.0], [-0.08686881484658285, 0.996219595797459, -0.000570925824663245, 0.0], [1.0324416008123292, -0.024356784741641935, 0.003791387969490745, 1.0]], "at_element": 9, "to_element": 2}, {"pose": [[0.05936024013081674, -0.9967782179117879, -0.05394020938235098, 0.0], [-0.05398144793217358, 0.05075110590439181, -0.9972513868271263, 0.0], [0.996775985450471, 0.062108852397072804, -0.050794933636740716, 0.0], [0.973046140753311, -0.027991773749697302, 0.04286443330538958, 1.0]], "at_element": 2, "to_element": 37}, {"pose": [[-0.05936024013081674, 0.9967782179117879, 0.05394020938235098, 0.0], [-0.996124940118279, -0.055635256150409367, -0.06811623850032357, 0.0], [-0.06489580545741307, -0.057774584115148624, 0.9962181647934126, 0.0], [0.970909119364834, 0.007893127769418307, 0.044806328771024084, 1.0]], "at_element": 37, "to_element": 2}, {"pose": [[-0.050459965599357996, -0.006950934685983543, -0.9987018956519021, 0.0], [-0.062381300891808655, 0.9980451768136098, -0.003794514216051209, 0.0], [0.996775985450471, 0.062108852397072804, -0.050794933636740716, 0.0], [1.9982536493517284, 0.03588863945983001, -0.009379348771292983, 1.0]], "at_element": 2, "to_element": 10}, {"pose": [[0.050459965599357996, 0.006950934685983543, 0.9987018956519021, 0.0], [0.9974309591556598, 0.050558472410638315, -0.05074763625355512, 0.0], [-0.05084558574283545, 0.9986969136702556, -0.004381898672273325, 0.0], [2.0000702094772866, 0.03613887329641585, 0.02657394646804645, 1.0]], "at_element": 10, "to_element": 2}, {"pose": [[0.9981812195482421, 0.05096064102075595, 0.032206614350746704, 0.0], [0.032387950717085945, -0.0027363647891692844, -0.9994716268889718, 0.0], [-0.05084558574283545, 0.9986969136702556, -0.004381898672273325, 0.0], [2.002216242972648, -0.006013006697463519, 0.02675889273597898, 1.0]], "at_element": 10, "to_element": 44}, {"pose": [[-0.9981812195482421, -0.05096064102075595, -0.032206614350746704, 0.0], [0.05248420523131615, -0.9974492289813097, -0.04837813355047488, 0.0], [-0.029659081955131218, -0.049980482904271206, 0.9983097165640703, 0.0], [1.9662816865403168, -0.007847591434909207, 0.025599453569807307, 1.0]], "at_element": 44, "to_element": 10}, {"pose": [[0.02595125605605957, -0.03370269783290024, 0.9990949206496332, 0.0], [-0.07204685650198399, -0.9968955495447522, -0.03175710575680054, 0.0], [0.9970635801077559, -0.07115751159681113, -0.02829886510187858, 0.0], [-0.03946974747923937, 1.0093798732854329, -0.004736344451412355, 1.0]], "at_element": 3, "to_element": 21}, {"pose": [[-0.02595125605605957, 0.03370269783290024, -0.9990949206496332, 0.0], [0.9994800351898994, -0.01825693564215755, -0.026577124708200367, 0.0], [-0.01913613247001474, -0.9992651362174815, -0.03321138320437659, 0.0], [-0.04040399349003243, 1.010593171436988, -0.04070379211576469, 1.0]], "at_element": 21, "to_element": 3}, {"pose": [[0.0718189245678443, 0.9971504971383556, 0.02308523620517616, 0.0], [0.026575539441804543, -0.025049842316473545, 0.9993329005408043, 0.0], [0.9970635801077559, -0.07115751159681113, -0.02829886510187858, 0.0], [0.0007746499849462518, 1.0065077483413496, -0.005878569278060075, 1.0]], "at_element": 3, "to_element": 38}, {"pose": [[-0.0718189245678443, -0.9971504971383556, -0.02308523620517616, 0.0], [0.9939426942481379, -0.0734798685173031, 0.08172288218995294, 0.0], [-0.08318631272433771, -0.017076152359655667, 0.9963876968308665, 0.0], [-0.0018108133951291183, 0.9706105790327261, -0.00670963202632624, 1.0]], "at_element": 38, "to_element": 3}, {"pose": [[-0.9946564257797839, 0.06277076503037392, -0.0819660033946227, 0.0], [0.08567613675935651, 0.058888474867647374, -0.9945811918178199, 0.0], [-0.057603769364322606, -0.9962891039177654, -0.06395175658070872, 0.0], [-0.029793510650937938, 0.9744766080181444, -0.10338624613251501, 1.0]], "at_element": 22, "to_element": 38}, {"pose": [[0.9946564257797839, -0.06277076503037392, 0.0819660033946227, 0.0], [0.06114435403464712, 0.9978818748118897, 0.022206573161888735, 0.0], [-0.08318631272433771, -0.017076152359655667, 0.9963876968308665, 0.0], [0.006014159382392026, 0.97221685803444, -0.10043546682074966, 1.0]], "at_element": 38, "to_element": 22}, {"pose": [[-0.02858926919281417, -0.0030657956495797915, -0.9995865418181937, 0.0], [0.07104133240392707, 0.997460379885028, -0.005091134440380839, 0.0], [0.9970635801077559, -0.07115751159681113, -0.02829886510187858, 0.0], [0.9474039267577737, 0.9389495854681619, -0.032745997533726756, 1.0]], "at_element": 3, "to_element": 9}, {"pose": [[0.02858926919281417, 0.0030657956495797915, 0.9995865418181937, 0.0], [0.9958094509966103, 0.08681657587225029, -0.02874751223405089, 0.0], [-0.08686881484658285, 0.996219595797459, -0.000570925824663245, 0.0], [0.9484331445455092, 0.9390599545508701, 0.0032392612107969843, 1.0]], "at_element": 9, "to_element": 3}, {"pose": [[-0.0833262518952653, -0.007837002518588113, -0.9964915037954968, 0.0], [0.0018214018490296858, 0.9999662074614672, -0.008016634607747443, 0.0], [0.9965206562035686, -0.0024830075822329656, -0.08330916175881053, 0.0], [0.9391621142777679, 1.010697466512328, -0.032675684809928995, 1.0]], "at_element": 4, "to_element": 9}, {"pose": [[0.0833262518952653, 0.007837002518588113, 0.9964915037954968, 0.0], [0.9927288374738776, 0.0865164628303245, -0.08369203610315788, 0.0], [-0.08686881484658285, 0.996219595797459, -0.000570925824663245, 0.0], [0.9421618622966366, 1.0109795988805108, 0.003198044613149653, 1.0]], "at_element": 9, "to_element": 4}, {"pose": [[0.005985089099830833, 0.9991074937303258, 0.04181380968500749, 0.0], [0.08313098380312957, -0.04216693782163349, 0.9956461162916622, 0.0], [0.9965206562035686, -0.0024830075822329656, -0.08330916175881053, 0.0], [1.0210441377095454, 1.0104934429592145, -0.03952102483650166, 1.0]], "at_element": 4, "to_element": 39}, {"pose": [[-0.005985089099830833, -0.9991074937303258, -0.04181380968500749, 0.0], [0.9997406653890419, -0.00689718802281818, 0.021703243187441476, 0.0], [-0.021972270614172278, -0.04167307007271191, 0.9988896708619888, 0.0], [1.0208286741673267, 0.9745255173250825, -0.04102632432296116, 1.0]], "at_element": 39, "to_element": 4}, {"pose": [[-0.9991382214516022, 0.03610730859856051, -0.020471362932089118, 0.0], [-0.019402078802959476, 0.029719920104336574, 0.9993699443585021, 0.0], [0.0366929662558461, 0.9989058957753529, -0.028993751267938538, 0.0], [0.9830617200550171, 0.9724152295865116, 0.03997686199693595, 1.0]], "at_element": 11, "to_element": 39}, {"pose": [[0.9991382214516022, -0.03610730859856051, 0.020471362932089118, 0.0], [0.0352141130597755, 0.9984786514976085, 0.04243051667055437, 0.0], [-0.021972270614172278, -0.04167307007271191, 0.9988896708619888, 0.0], [1.0190306609825004, 0.9711153677434273, 0.04071383034445808, 1.0]], "at_element": 39, "to_element": 11}, {"pose": [[0.005171506315299154, 0.9994722110105341, 0.03207109196995404, 0.0], [0.08318555933598071, -0.032390339471221566, 0.9960075444628415, 0.0], [0.9965206562035686, -0.0024830075822329656, -0.08330916175881053, 0.0], [1.9919644613664487, 1.0080742231363473, -0.12068999789783508, 1.0]], "at_element": 4, "to_element": 45}, {"pose": [[-0.005171506315299154, -0.9994722110105341, -0.03207109196995404, 0.0], [0.9997610007486397, -0.005848932709107566, 0.021064932191741274, 0.0], [-0.021241396011306514, -0.031954489573126625, 0.99926358569279, 0.0], [1.9917782870441147, 0.9720932051830302, -0.12184455779779135, 1.0]], "at_element": 45, "to_element": 4}, {"pose": [[-0.998440587431175, -0.05093280425912029, -0.02285263267967689, 0.0], [-0.023046036113791527, 0.0032131099900444297, 0.9997292414167117, 0.0], [-0.05084558574283545, 0.9986969136702556, -0.004381898672273325, 0.0], [1.9527486553980902, 0.9656175943795459, 0.02249575065300946, 1.0]], "at_element": 10, "to_element": 45}, {"pose": [[0.998440587431175, 0.05093280425912029, 0.02285263267967689, 0.0], [-0.05162554082603877, 0.9981907433183415, 0.030822775475221574, 0.0], [-0.021241396011306514, -0.031954489573126625, 0.99926358569279, 0.0], [1.9886925498091537, 0.9674511770297257, 0.02331844619082457, 1.0]], "at_element": 45, "to_element": 10}, {"pose": [[-0.9961007980677846, 0.08627910028975556, -0.018415128072127827, 0.0], [-0.01770116121203173, 0.00903290146204017, 0.9998025182919488, 0.0], [0.08642840378294862, 0.9962300555315359, -0.007470440091747836, 0.0], [1.9541471023048929, 0.9725341644659001, -0.039166377651684625, 1.0]], "at_element": 12, "to_element": 45}, {"pose": [[0.9961007980677846, -0.08627910028975556, 0.018415128072127827, 0.0], [0.08562711710792037, 0.9957584182166432, 0.03366258110239406, 0.0], [-0.021241396011306514, -0.031954489573126625, 0.99926358569279, 0.0], [1.9900067005994775, 0.9694281194917265, -0.03850343360376218, 1.0]], "at_element": 45, "to_element": 12}, {"pose": [[-0.048738576031023446, -0.9988115694196119, -3.0839219468170573e-15, 0.0], [0.9988115694196119, -0.048738576031023446, 0.0, 0.0], [0.0, 0.0, 1.0, 0.0], [0.0, 0.0, 0.9888388527816653, 1.0]], "at_element": 0, "to_element": 5}, {"pose": [[0.048738576031023446, 0.9988115694196119, 3.0839219468170573e-15, 0.0], [0.04307555498815098, -0.0021019392207196294, 0.9990696063908536, 0.0], [0.9978822815186824, -0.04869322997136576, -0.04312680820585751, 0.0], [0.0017546063172232396, 0.035957576772529865, 0.9888388527816654, 1.0]], "at_element": 5, "to_element": 0}, {"pose": [[-0.999907970198426, -0.01356654464717303, 0.0, 0.0], [0.01356654464717303, -0.999907970198426, 0.0, 0.0], [0.0, 0.0, 1.0, 0.0], [0.0, 0.0, 0.9065138456798987, 1.0]], "at_element": 0, "to_element": 23}, {"pose": [[0.999907970198426, 0.01356654464717303, 0.0, 0.0], [0.001164471552858356, -0.08582615670048568, 0.9963094473264952, 0.0], [0.013516476599553979, -0.9962177571657512, -0.08583405599162688, 0.0], [0.03599671836156948, 0.0004883960337940252, 0.9065138456798987, 1.0]], "at_element": 23, "to_element": 0}, {"pose": [[0.9915263230046671, -0.12990593053761848, 4.564246449713002e-13, 0.0], [0.12990593053761848, 0.9915263230046671, -0.0, 0.0], [0.0, 0.0, 1.0, 0.0], [0.0, 0.0, 0.9265171764793629, 1.0]], "at_element": 0, "to_element": 40}, {"pose": [[-0.9915263230046671, 0.12990593053761848, -4.564246449713002e-13, 0.0], [-0.12976482531843295, -0.9904493164466486, -0.04659658421433293, 0.0], [-0.006053172632237888, -0.04620173981061478, 0.9989137892428739, 0.0], [-0.03569497705406688, 0.004676617354621326, 0.9265171764793465, 1.0]], "at_element": 40, "to_element": 0}, {"pose": [[0.05068858074162547, 0.9976337471995795, 0.046449695703255967, 0.0], [0.0407629735601886, -0.04853736502408481, 0.9979892304945229, 0.0], [0.9978822815186824, -0.04869322997136576, -0.04312680820585751, 0.0], [-0.03424713623183795, 0.03771433822804282, 0.9903947880605513, 1.0]], "at_element": 5, "to_element": 40}, {"pose": [[-0.05068858074162547, -0.9976337471995795, -0.046449695703255967, 0.0], [0.9986961634468634, -0.05091469028676719, 0.003696948676751507, 0.0], [-0.006053172632237888, -0.04620173981061478, 0.9989137892428739, 0.0], [-0.03607192665364356, 0.0017994935090850372, 0.9887225976268293, 1.0]], "at_element": 40, "to_element": 5}, {"pose": [[-0.04520647108924048, -0.0424479809727432, -0.9980754199372889, 0.0], [0.04676887001763648, 0.9979113879830682, -0.04455933719188489, 0.0], [0.9978822815186824, -0.04869322997136576, -0.04312680820585751, 0.0], [0.9584411328608421, -0.010725441766088695, 0.9474924564105598, 1.0]], "at_element": 5, "to_element": 13}, {"pose": [[0.04520647108924048, 0.0424479809727432, 0.9980754199372889, 0.0], [0.9989756150474616, 0.00010309532296146322, -0.04525162883146098, 0.0], [-0.0020237371873817653, 0.999098672946117, -0.042399837324030853, 0.0], [0.9600685664435831, -0.009197313865589196, 0.9834231852946563, 1.0]], "at_element": 13, "to_element": 5}, {"pose": [[0.051283705235507134, 0.9968102635061853, 0.061149653687060136, 0.0], [0.04001167090220815, -0.06323185845509832, 0.9971964692416074, 0.0], [0.9978822815186824, -0.04869322997136576, -0.04312680820585751, 0.0], [0.9139706300054723, -0.008555433877800223, 0.9494143973879492, 1.0]], "at_element": 5, "to_element": 37}, {"pose": [[-0.051283705235507134, -0.9968102635061853, -0.061149653687060136, 0.0], [0.9965733871679252, -0.055058114742986886, 0.061725910196584764, 0.0], [-0.06489580545741307, -0.057774584115148624, 0.9962181647934126, 0.0], [0.9121243982398, -0.044440960564728016, 0.9472129879426202, 1.0]], "at_element": 37, "to_element": 5}, {"pose": [[0.008772529701618828, 0.9982509758931498, 0.058463936328373836, 0.0], [0.016932028129146716, -0.058606092222252576, 0.9981375818883238, 0.0], [0.9998181580397847, -0.007766278568962874, -0.017416537288486394, 0.0], [0.9071378886704993, -0.013224441496902273, 1.0307138237394864, 1.0]], "at_element": 6, "to_element": 37}, {"pose": [[-0.008772529701618828, -0.9982509758931498, -0.058463936328373836, 0.0], [0.9978534848146132, -0.012533417678183145, 0.06427547187408578, 0.0], [-0.06489580545741307, -0.057774584115148624, 0.9962181647934126, 0.0], [0.9068220779182141, -0.04916144055978666, 1.028609124144111, 1.0]], "at_element": 37, "to_element": 6}, {"pose": [[-0.009098269235958235, -0.996931221541319, -0.07775191967433089, 0.0], [-0.016759246726568193, 0.07789624145825556, -0.9968205973071759, 0.0], [0.9998181580397847, -0.007766278568962874, -0.017416537288486394, 0.0], [0.9998026424402495, -0.013944232676441404, 1.0290996310721683, 1.0]], "at_element": 6, "to_element": 41}, {"pose": [[0.009098269235958235, 0.996931221541319, 0.07775191967433089, 0.0], [-0.9999554336286609, 0.008874715638220308, 0.0032202762082125867, 0.0], [0.0025203677165183676, -0.07777775349336499, 0.9969675364865692, 0.0], [1.0001301805481817, 0.021945336820099137, 1.0318987037306884, 1.0]], "at_element": 41, "to_element": 6}, {"pose": [[0.008633038181614828, 0.9986990334037481, 0.05025645560695818, 0.0], [0.017003573321119344, -0.05039767450596016, 0.9985844745932637, 0.0], [0.9998181580397847, -0.007766278568962874, -0.017416537288486394, 0.0], [1.937318129836536, -0.021226563347562122, 1.0127683879221303, 1.0]], "at_element": 6, "to_element": 44}, {"pose": [[-0.008633038181614828, -0.9986990334037481, -0.05025645560695818, 0.0], [0.9995227908903996, -0.010109006235795883, 0.029189013062983972, 0.0], [-0.029659081955131218, -0.049980482904271206, 0.9983097165640703, 0.0], [1.937007340445441, -0.057179730465447554, 1.0109591554238957, 1.0]], "at_element": 44, "to_element": 6}, {"pose": [[-0.00748713555928367, -0.9998433856352489, 0.016035803770306972, 0.0], [-0.017538348127720222, -0.015902487812663537, -0.9997197193345336, 0.0], [0.9998181580397847, -0.007766278568962874, -0.017416537288486394, 0.0], [2.003264318480171, -0.021738812967605048, 1.0116196247752425, 1.0]], "at_element": 6, "to_element": 46}, {"pose": [[0.00748713555928367, 0.9998433856352489, -0.016035803770306972, 0.0], [-0.9963973934404264, 0.006104697294265235, -0.08458703810909245, 0.0], [-0.08447589683596488, 0.016611347699334304, 0.9962870499918038, 0.0], [2.003533855663718, 0.014255589433502358, 1.0110423351896671, 1.0]], "at_element": 46, "to_element": 6}, {"pose": [[0.9986223325819232, 0.041770374420785995, 0.03175960782796095, 0.0], [0.03005958308188904, 0.04071632830119582, -0.9987184798904104, 0.0], [-0.043009979465017584, 0.9982972585509874, 0.03940463470204844, 0.0], [1.9745943197252078, -0.052918147252734915, 0.9570172627766897, 1.0]], "at_element": 14, "to_element": 44}, {"pose": [[-0.9986223325819232, -0.041770374420785995, -0.03175960782796095, 0.0], [0.043287131184881714, -0.9978763386058428, -0.04867275546319164, 0.0], [-0.029659081955131218, -0.049980482904271206, 0.9983097165640703, 0.0], [1.9386438843021296, -0.05442188204737919, 0.9558739158946614, 1.0]], "at_element": 44, "to_element": 14}, {"pose": [[-0.9956986389924661, -0.039591628273529966, -0.08376588374273293, 0.0], [-0.08206315845109326, -0.04283791008246893, 0.9957060567681594, 0.0], [-0.043009979465017584, 0.9982972585509874, 0.03940463470204844, 0.0], [1.9717964583137966, 0.012022534225366366, 0.9595805912933492, 1.0]], "at_element": 14, "to_element": 46}, {"pose": [[0.9956986389924661, 0.039591628273529966, 0.08376588374273293, 0.0], [-0.03805316231681471, 0.9990778578760827, -0.019884434601660388, 0.0], [-0.08447589683596488, 0.016611347699334304, 0.9962870499918038, 0.0], [2.0076416412740867, 0.013447834113891388, 0.9625961657965211, 1.0]], "at_element": 46, "to_element": 14}, {"pose": [[-0.06797732227013581, 0.08472779173973662, -0.9940826348769453, 0.0], [-0.03877964652676262, 0.9954100443050393, 0.08749275805401979, 0.0], [0.9969329078088662, 0.04449769660946197, -0.06437959555799473, 0.0], [0.020102686468377984, 0.9946242815749249, 0.9561187090761327, 1.0]], "at_element": 7, "to_element": 23}, {"pose": [[0.06797732227013581, -0.08472779173973662, 0.9940826348769453, 0.0], [-0.9975953029747662, -0.019271263958232896, 0.06657499431570614, 0.0], [0.013516476599553979, -0.9962177571657512, -0.08583405599162688, 0.0], [0.022549872700258544, 0.9915740777940352, 0.9919057223944134, 1.0]], "at_element": 23, "to_element": 7}, {"pose": [[-0.04371799326314538, 0.9989530974525552, 0.013470195061290838, 0.0], [0.06491158904850919, -0.010614334006316867, 0.9978345662086475, 0.0], [0.9969329078088662, 0.04449769660946197, -0.06437959555799473, 0.0], [-0.0842915262708277, 0.989964688166114, 0.9628602431774765, 1.0]], "at_element": 7, "to_element": 38}, {"pose": [[0.04371799326314538, -0.9989530974525552, -0.013470195061290838, 0.0], [0.9955745951159924, 0.04243953475870639, 0.08384575987545394, 0.0], [-0.08318631272433771, -0.017076152359655667, 0.9963876968308665, 0.0], [-0.08271767703299249, 0.9540023428316541, 0.9623753156991475, 1.0]], "at_element": 38, "to_element": 7}, {"pose": [[0.9998395863878716, 0.012456759450705335, 0.012869756630074971, 0.0], [-0.011751865897116276, -0.085994240804994, 0.9962263217744796, 0.0], [0.013516476599553979, -0.9962177571657512, -0.08583405599162688, 0.0], [0.02201782942892405, 1.0307877701035728, 0.9952843715272207, 1.0]], "at_element": 23, "to_element": 42}, {"pose": [[-0.9998395863878716, -0