{"line": [[[0.1499999761581422, 0.30000000000000004, 1.5], [1.3500000238418581, 0.30000000000000004, 1.5]], [[1.279213339445716, 1.460731021638054, 1.2903356781604702], [0.5713238235090246, -0.002086952933926467, 2.456121252996617]], [[0.2205691571146532, 1.4352586585420428, 1.2656284990846245], [0.7890589549379295, -0.008366987518642621, 2.5276761779805996]], [[1.320893330209734, 0.04114864333740653, 1.3141504584389172], [0.6570188901368931, 1.439540526859095, 2.5805512117230567]], [[0.2206744498294706, 0.03814475035403431, 1.2923733026855677], [0.9314903876364548, 1.3693287455651086, 2.604886111557718]], [[0.24209636377323573, 0.2697646887760656, 1.395679592294367], [0.7221936323063526, 0.2084916279372443, 2.4937471399449667]], [[1.2104922276535235, 0.3469403643850508, 1.377487479365051], [0.6556752800251402, 0.2534975423820814, 2.437415169389878]], [[0.014210674762678899, 1.203539876385631, 1.0691116431782486], [1.0875199833104527, 1.1861725328583015, 2.7566262367635908]], [[1.2482715658244312, 1.2240791181312383, 1.393366245737642], [0.7825562344891894, 1.2264904587812617, 2.4993063571525846]], [[1.5323577776279156, 1.466382701372983, -0.02007460098307834], [0.30660592198191616, 1.078184998749344, 1.5118636915268115]], [[-0.033207620237160285, 1.5131910795083674, -0.007727196160672856], [1.2775134686710836, 1.2516694361705376, 1.480095594751292]], [[0.037924924597880216, 1.5099365001329654, 0.0046134168300773215], [0.34401750316084206, 0.1722870863126842, 1.4596052996441822]], [[-0.04191565342457526, -0.020100404594192045, -0.012470740336027797], [0.2390538388910759, 1.222399328473152, 1.5293627648503991]], [[1.4567648098315271, -0.0272785815673392, -0.027694295471720087], [1.0512991612739317, 1.2160830451471876, 1.485464477775018]], [[1.5314317330987517, 1.5267176139486052, -0.009437751960381435], [1.2640526673867412, 0.2484153088174751, 1.5053069961458503]], [[-0.024366691242117433, 0.03749317958470033, -0.02557480811477575], [1.1938267522420065, 0.38531771242413804, 1.5220113215101057]], [[1.5082983222666262, -0.00835189492122479, 0.00018771066354461574], [0.17260474078646681, 0.22165408400903608, 1.4709085903851309]], [[1.352023207053083, 1.178934456631145, 1.477618631793047], [0.1537884606189548, 1.113868760626133, 1.4778677948788268]], [[1.226225248485369, 1.3533649682847197, 1.5164404452525893], [1.3037817384920225, 0.15608031876902717, 1.5386794500156955]], [[0.272567110030157, 0.14750654795990137, 1.5401476665036131], [0.1892585033896902, 1.3441715009716644, 1.5077010837267055]], [[1.5400856799751188, 1.550621223776294, -0.21188232936922735], [1.1279023009639222, 1.080159879371253, 1.6877942182271033]], [[1.5348862631405227, -0.006574636339343187, -0.22047601075897472], [1.1211407805923208, 0.29693432085935284, 1.712577787915836]], [[-0.031359767390899185, -0.030473369766992442, -0.21813409339365197], [0.23160156111919972, 0.3038706547649067, 1.7361088323880987]], [[-0.04917358238427938, 1.5223664733416584, -0.2154733863092284], [0.3154712730004131, 1.1078761312404506, 1.7068252080164033]]], "adj": [[1, 10], [1, 17], [8, 10], [8, 18], [13, 17], [17, 20], [1, 2], [1, 5], [2, 6], [2, 7], [7, 23], [9, 17], [12, 19], [17, 19], [17, 23], [0, 3], [0, 6], [0, 14], [0, 18], [0, 21], [6, 15], [3, 7], [4, 7], [7, 8], [0, 4], [0, 5], [0, 19], [0, 22], [4, 11], [5, 19], [16, 22], [9, 20], [14, 20], [10, 11], [10, 23], [12, 22], [15, 22], [13, 16], [16, 21]], "coupler_contact_pts": [[[1.1959867859935682, 1.2887475473661096, 1.4273970603020874], [1.2136284144125458, 1.2644161025023775, 1.4075785348452283]], [[1.1485582720232592, 1.1907389158196988, 1.5055045561439182], [1.1497897911169188, 1.1679529206654118, 1.4776606845728655]], [[1.2320059743956944, 1.2241633367067708, 1.4319923522593065], [1.2368734823851966, 1.25977812999461, 1.4339644244129428]], [[1.2013224707719625, 1.2243222071037598, 1.5048568579626918], [1.234428566768907, 1.2267255722118868, 1.5187927130559056]], [[1.0595682053174529, 1.1907259968006718, 1.4546052013225514], [1.0610712091405419, 1.1631353869542176, 1.477679132874183]], [[1.1733897333402068, 1.1692344280419973, 1.4776557771584826], [1.1752879701559924, 1.134245334459505, 1.469402480374208]], [[0.686327979531878, 0.235563334001183, 2.266727028164449], [0.6839059870883146, 0.25865894984793886, 2.294236528734891]], [[0.6674388877921285, 0.19652997879788892, 2.2978344682044654], [0.6419507068484124, 0.21873273942803007, 2.310217346819655]], [[0.6907895765135021, 0.24117873073195406, 2.309518101227123], [0.7149684647542436, 0.2634837595124598, 2.324140892905035]], [[0.315484971713447, 1.1942289959232677, 1.476341662211901], [0.28541683552626096, 1.199151457759986, 1.4955165485619852]], [[0.24787252100048618, 1.1997589667070103, 1.436487358966931], [0.26237860353008413, 1.168226355319731, 1.42693653720508]], [[0.3397489108279208, 1.0886814398265792, 1.4704417564854289], [0.3378400428738096, 1.1238629995145262, 1.4778295228621676]], [[0.2343348909507348, 1.2015312566127185, 1.503467312701187], [0.19934292038319879, 1.1993164988976523, 1.5116287075813313]], [[0.20507530339542313, 1.1166537025009045, 1.477857130200604], [0.20502997362842645, 1.1176262921000983, 1.5138436701322513]], [[0.27544037092155754, 1.1204746166470285, 1.477842498362053], [0.2735378298894392, 1.1555417075508925, 1.4857646402965634]], [[1.2094784109855685, 0.30000000000000004, 1.5], [1.2094784109855687, 0.2758341641856, 1.5266845298170733]], [[1.1447084271329038, 0.30000000000000004, 1.5], [1.1447084271329038, 0.33586099128910785, 1.5031614913521125]], [[1.2690878072507394, 0.30000000000000004, 1.5], [1.2690878072507397, 0.2724876155916317, 1.4767821314760528]], [[1.294415747619952, 0.30000000000000004, 1.5], [1.294415747619952, 0.3006685678977832, 1.5359937906260388]], [[1.1654451184303354, 0.30000000000000004, 1.5], [1.1654451184303352, 0.26443423579793374, 1.5055841839540856]], [[1.1613317128896588, 0.33866070160565964, 1.4714042046504427], [1.1529768982170683, 0.37365406288737335, 1.4701158956856277]], [[0.7864763590861208, 1.1668499954688552, 2.3335993390503087], [0.8093607655357993, 1.1906734597131352, 2.3192893613663923]], [[0.8341259436631663, 1.1869890108656578, 2.425103873925398], [0.8644237385692894, 1.1897824793026488, 2.4058623276308277]], [[0.8385616857207561, 1.1902009562063385, 2.3652006178567597], [0.8389863809902408, 1.2261982796387916, 2.3653009716532396]], [[0.34700165481864825, 0.30000000000000004, 1.5], [0.34700165481864825, 0.27472463622458093, 1.5256349191440561]], [[0.2868304012038122, 0.30000000000000004, 1.5], [0.2868304012038122, 0.26405544696882804, 1.4979942647522773]], [[0.26188299596897324, 0.30000000000000004, 1.5], [0.26188299596897324, 0.3009757435998678, 1.535986475898419]], [[0.20064787241650428, 0.30000000000000004, 1.5], [0.20064787241650428, 0.264514370273937, 1.5060711020616409]], [[0.30606783822365435, 0.19806563265429555, 1.4500511347360852], [0.33942611443743503, 0.19235182771647863, 1.4377804211882437]], [[0.2976604480134354, 0.26267324765100886, 1.522764501370201], [0.26468232786175083, 0.26076546397783557, 1.5370767444509952]], [[0.19264014466680313, 0.21820399429785164, 1.4488477770151873], [0.19213991651647566, 0.25369687010281883, 1.4428427455397985]], [[1.483776372678741, 1.4509968875929509, 0.040642186189433716], [1.4834316866648656, 1.485957010671447, 0.04922539088225841]], [[1.524967921746223, 1.4958150265307497, 0.02718076292940319], [1.4899891144985897, 1.4934415830040182, 0.019003425362530635]], [[0.02294933671832644, 1.501986361897481, 0.05601756321924145], [0.04411130026891752, 1.4829015363031162, 0.034019965749545245]], [[-0.007828205530713173, 1.508127251439109, 0.021081428297876403], [-0.005807519593394761, 1.473072443996823, 0.013139523795890229]], [[-0.03423696788228914, 0.013856181432165937, 0.029666413229337385], [0.0014004226680758292, 0.011179803537260113, 0.025328966489539084]], [[-0.00414279399262385, 0.043267605354780914, 0.00011751771219614682], [-0.0012290974130839682, 0.007836481796745565, 0.005787229893048584]], [[1.441529373652908, 0.019440929143720198, 0.029162885894764123], [1.4621535260585934, -0.00040577676094699644, 0.05099735459283927]], [[1.4828982177400953, -0.003978005589450273, 0.02815555043775575], [1.482866446663294, 0.03158524919084349, 0.02256496029491073]]], "radius": 0.01, "half_couplers": [{"pose": [[-0.4900414122870028, 0.6758681976988213, 0.5505103028855195, 0.0], [-0.796606880807897, -0.09079136884436453, -0.5976406987420444, 0.0], [-0.3539447579683457, -0.7314089872859902, 0.5828927874180734, 0.0], [1.1959867859935682, 1.2887475473661096, 1.4273970603020874, 1.0]], "at_element": 1, "to_element": 10}, {"pose": [[0.4900414122870028, -0.6758681976988213, -0.5505103028855195, 0.0], [0.5747712336369638, 0.7253301226723023, -0.3788591323006818, 0.0], [0.6553605444541221, -0.13076082166891492, 0.7439113954559825, 0.0], [1.2136284144125458, 1.2644161025023775, 1.4075785348452283, 1.0]], "at_element": 10, "to_element": 1}, {"pose": [[-0.03420887165109291, 0.632944456718986, 0.7734410564542502, 0.0], [-0.9346404984843575, 0.25381530297834853, -0.24904804871132985, 0.0], [-0.3539447579683457, -0.7314089872859902, 0.5828927874180734, 0.0], [1.1485582720232592, 1.1907389158196988, 1.5055045561439182, 1.0]], "at_element": 1, "to_element": 17}, {"pose": [[0.03420887165109291, -0.632944456718986, -0.7734410564542502, 0.0], [0.04206848753752419, -0.772296156456859, 0.6338681953515792, 0.0], [-0.9985289156837995, -0.054221411182944705, 0.0002076358965657186, 0.0], [1.1497897911169188, 1.1679529206654118, 1.4776606845728655, 1.0]], "at_element": 17, "to_element": 1}, {"pose": [[-0.13520880546606584, -0.9893016442407689, -0.05477988341490539, 0.0], [0.9116468618535251, -0.1458705549840422, 0.384215799338428, 0.0], [-0.38809609402448153, 0.0020094504618378317, 0.9216167228906939, 0.0], [1.2320059743956944, 1.2241633367067708, 1.4319923522593065, 1.0]], "at_element": 8, "to_element": 10}, {"pose": [[0.13520880546606584, 0.9893016442407689, 0.05477988341490539, 0.0], [-0.7431158292603088, 0.06468279693227177, 0.6660292786986037, 0.0], [0.6553605444541221, -0.13076082166891492, 0.7439113954559825, 0.0], [1.2368734823851966, 1.25977812999461, 1.4339644244129428, 1.0]], "at_element": 10, "to_element": 8}, {"pose": [[-0.9196145535538208, -0.06676019821669783, -0.3871074125176036, 0.0], [0.06074944193114186, -0.9977670259348664, 0.027757292053552103, 0.0], [-0.38809609402448153, 0.0020094504618378317, 0.9216167228906939, 0.0], [1.2013224707719625, 1.2243222071037598, 1.5048568579626918, 1.0]], "at_element": 8, "to_element": 18}, {"pose": [[0.9196145535538208, 0.06676019821669783, 0.3871074125176036, 0.0], [-0.3874686871760383, -0.007976149461154415, 0.9218483592749139, 0.0], [0.06463040577069627, -0.9977371682832308, 0.018532503232839694, 0.0], [1.234428566768907, 1.2267255722118868, 1.5187927130559056, 1.0]], "at_element": 18, "to_element": 8}, {"pose": [[-0.04175160281508374, 0.766433302456671, -0.6409655190006187, 0.0], [-0.9783436030466566, -0.16153315198069942, -0.12942501763131625, 0.0], [-0.20273282427879774, 0.6216808133572634, 0.7565793866233693, 0.0], [1.0595682053174529, 1.1907259968006718, 1.4546052013225514, 1.0]], "at_element": 13, "to_element": 17}, {"pose": [[0.04175160281508374, -0.766433302456671, 0.6409655190006187, 0.0], [-0.03459491589390869, 0.6400312738098751, 0.7675696452697969, 0.0], [-0.9985289156837995, -0.054221411182944705, 0.0002076358965657186, 0.0], [1.0610712091405419, 1.1631353869542176, 1.477679132874183, 1.0]], "at_element": 17, "to_element": 13}, {"pose": [[-0.05272967763525, 0.9719354350373091, 0.22926205794967355, 0.0], [-0.012632720998195311, 0.22891384555803254, -0.9733647135950713, 0.0], [-0.9985289156837995, -0.054221411182944705, 0.0002076358965657186, 0.0], [1.1733897333402068, 1.1692344280419973, 1.4776557771584826, 1.0]], "at_element": 17, "to_element": 20}, {"pose": [[0.05272967763525, -0.9719354350373091, -0.22926205794967355, 0.0], [0.9771109438611414, 0.0028356611206209748, 0.21271145341235978, 0.0], [-0.2060916895055983, -0.23523067220252047, 0.9498382737981653, 0.0], [1.1752879701559924, 1.134245334459505, 1.469402480374208, 1.0]], "at_element": 20, "to_element": 17}, {"pose": [[0.06727637029605908, -0.6415334647518044, -0.7641391912494301, 0.0], [0.9328435015084349, -0.2312481500916666, 0.2762739487766895, 0.0], [-0.3539447579683457, -0.7314089872859902, 0.5828927874180734, 0.0], [0.686327979531878, 0.235563334001183, 2.266727028164449, 1.0]], "at_element": 1, "to_element": 2}, {"pose": [[-0.06727637029605908, 0.6415334647518044, 0.7641391912494301, 0.0], [-0.956388376885928, -0.259655660659459, 0.13379166807017656, 0.0], [0.28424489891163823, -0.7218128230303428, 0.6310238394479877, 0.0], [0.6839059870883146, 0.25865894984793886, 2.294236528734891, 1.0]], "at_element": 2, "to_element": 1}, {"pose": [[0.7080198777924682, -0.616756288050584, -0.34397606573830575, 0.0], [0.6110899777917025, 0.2909511547792071, 0.736149756894059, 0.0], [-0.3539447579683457, -0.7314089872859902, 0.5828927874180734, 0.0], [0.6674388877921285, 0.19652997879788892, 2.2978344682044654, 1.0]], "at_element": 1, "to_element": 5}, {"pose": [[-0.7080198777924682, 0.616756288050584, 0.34397606573830575, 0.0], [-0.5819304194768906, -0.7854963192014985, 0.21060037846202362, 0.0], [0.40008104121313853, -0.05106088200337392, 0.9150562533477646, 0.0], [0.6419507068484124, 0.21873273942803007, 2.310217346819655, 1.0]], "at_element": 5, "to_element": 1}, {"pose": [[-0.6716464132725061, -0.6195939378686378, -0.4061950857588168, 0.0], [0.6841753671251896, -0.30836601736476754, -0.6609194098781668, 0.0], [0.28424489891163823, -0.7218128230303428, 0.6310238394479877, 0.0], [0.6907895765135021, 0.24117873073195406, 2.309518101227123, 1.0]], "at_element": 2, "to_element": 6}, {"pose": [[0.6716464132725061, 0.6195939378686378, 0.4061950857588168, 0.0], [-0.5789006323428335, 0.7810504264269642, -0.2341672249725073, 0.0], [-0.46234743798494954, -0.07786901524157121, 0.8832730399225719, 0.0], [0.7149684647542436, 0.2634837595124598, 2.324140892905035, 1.0]], "at_element": 6, "to_element": 2}, {"pose": [[0.8352260983750948, -0.13673506627373325, -0.53263579136614, 0.0], [0.47074643072022043, 0.6784465860774038, 0.5640106628460925, 0.0], [0.28424489891163823, -0.7218128230303428, 0.6310238394479877, 0.0], [0.315484971713447, 1.1942289959232677, 1.476341662211901, 1.0]], "at_element": 2, "to_element": 7}, {"pose": [[-0.8352260983750948, 0.13673506627373325, 0.53263579136614, 0.0], [-0.11999644427769532, -0.9905695914451537, 0.06612668043151161, 0.0], [0.536654654273887, -0.008683671763664804, 0.8437572967926712, 0.0], [0.28541683552626096, 1.199151457759986, 1.4955165485619852, 1.0]], "at_element": 7, "to_element": 2}, {"pose": [[-0.4029544777781742, 0.8759226985381992, 0.2653057010772253, 0.0], [-0.7413699959431164, -0.48237332018910434, 0.4665688685339428, 0.0], [0.536654654273887, -0.008683671763664804, 0.8437572967926712, 0.0], [0.24787252100048618, 1.1997589667070103, 1.436487358966931, 1.0]], "at_element": 7, "to_element": 23}, {"pose": [[0.4029544777781742, -0.8759226985381992, -0.2653057010772253, 0.0], [0.8968758114693971, 0.43567059260612134, -0.07618998319557113, 0.0], [0.18232242769234627, -0.20724517105060394, 0.9611492971628159, 0.0], [0.26237860353008413, 1.168226355319731, 1.42693653720508, 1.0]], "at_element": 23, "to_element": 7}, {"pose": [[0.05302482561543571, -0.9772787391158353, -0.20521850291973057, 0.0], [0.7883980371383166, -0.08515809997640425, 0.6092426717202746, 0.0], [-0.6128759278229998, -0.19409885131181961, 0.765969146254945, 0.0], [0.3397489108279208, 1.0886814398265792, 1.4704417564854289, 1.0]], "at_element": 9, "to_element": 17}, {"pose": [[-0.05302482561543571, 0.9772787391158353, 0.20521850291973057, 0.0], [-0.01133015497634998, 0.2049055993414843, -0.9787161605627643, 0.0], [-0.9985289156837995, -0.054221411182944705, 0.0002076358965657186, 0.0], [0.3378400428738096, 1.1238629995145262, 1.4778295228621676, 1.0]], "at_element": 17, "to_element": 9}, {"pose": [[0.9720173620542579, 0.0615221982892614, -0.22670965348378572, 0.0], [-0.18827183528625008, 0.7811937163402887, -0.5952227260348815, 0.0], [0.14048474615782558, 0.6212498665336721, 0.7709167525932135, 0.0], [0.2343348909507348, 1.2015312566127185, 1.503467312701187, 1.0]], "at_element": 12, "to_element": 19}, {"pose": [[-0.9720173620542579, -0.0615221982892614, 0.22670965348378572, 0.0], [0.22441608419423745, 0.04202125428202712, 0.9735869942349732, 0.0], [-0.06942383610840028, 0.9972207545504768, -0.027038817906330243, 0.0], [0.19934292038319879, 1.1993164988976523, 1.5116287075813313, 1.0]], "at_element": 19, "to_element": 12}, {"pose": [[0.0012591703758114859, -0.02701659620745984, -0.9996341921019547, 0.0], [0.05420718617766651, -0.9981633844710459, 0.027045126511198184, 0.0], [-0.9985289156837995, -0.054221411182944705, 0.0002076358965657186, 0.0], [0.20507530339542313, 1.1166537025009045, 1.477857130200604, 1.0]], "at_element": 17, "to_element": 19}, {"pose": [[-0.0012591703758114859, 0.02701659620745984, 0.9996341921019547, 0.0], [0.9975864601476698, 0.06943248679934383, -0.0006199249150391833, 0.0], [-0.06942383610840028, 0.9972207545504768, -0.027038817906330243, 0.0], [0.20502997362842645, 1.1176262921000983, 1.5138436701322513, 1.0]], "at_element": 19, "to_element": 17}, {"pose": [[0.052846713430324356, -0.9740554724164073, -0.22005263355675275, 0.0], [0.012133813207290473, -0.21971794470406517, 0.9754879780663992, 0.0], [-0.9985289156837995, -0.054221411182944705, 0.0002076358965657186, 0.0], [0.27544037092155754, 1.1204746166470285, 1.477842498362053, 1.0]], "at_element": 17, "to_element": 23}, {"pose": [[-0.052846713430324356, 0.9740554724164073, 0.22005263355675275, 0.0], [-0.9818175783922296, -0.09091411184108242, 0.16663993227364482, 0.0], [0.18232242769234627, -0.20724517105060394, 0.9611492971628159, 0.0], [0.2735378298894392, 1.1555417075508925, 1.4857646402965634, 1.0]], "at_element": 23, "to_element": 17}, {"pose": [[-6.167782546943484e-15, 0.6712598147506534, -0.7412221401853284, 0.0], [-0.0, 0.7412221401853284, 0.6712598147506534, 0.0], [1.0, 0.0, 0.0, 0.0], [1.2094784109855685, 0.30000000000000004, 1.5, 1.0]], "at_element": 0, "to_element": 3}, {"pose": [[6.167782546943484e-15, -0.6712598147506534, 0.7412221401853284, 0.0], [0.9433014798856689, 0.24603921664256784, 0.22281611683049027, 0.0], [-0.33193722003642057, 0.6991959417608443, 0.6332003766420699, 0.0], [1.2094784109855687, 0.2758341641856, 1.5266845298170733, 1.0]], "at_element": 3, "to_element": 0}, {"pose": [[0.0, -0.9961364471949612, -0.08781901029845497, 0.0], [0.0, 0.08781901029845497, -0.9961364471949612, 0.0], [1.0, 0.0, 0.0, 0.0], [1.1447084271329038, 0.30000000000000004, 1.5, 1.0]], "at_element": 0, "to_element": 6}, {"pose": [[0.0, 0.9961364471949612, 0.08781901029845497, 0.0], [-0.886698847742994, 0.040602894417864556, -0.4605611342440203, 0.0], [-0.46234743798494954, -0.07786901524157121, 0.8832730399225719, 0.0], [1.1447084271329038, 0.33586099128910785, 1.5031614913521125, 1.0]], "at_element": 6, "to_element": 0}, {"pose": [[-6.1679039918360335e-15, 0.7642326895291874, 0.6449406145181, 0.0], [0.0, -0.6449406145181, 0.7642326895291874, 0.0], [1.0, 0.0, 0.0, 0.0], [1.2690878072507394, 0.30000000000000004, 1.5, 1.0]], "at_element": 0, "to_element": 14}, {"pose": [[6.1679039918360335e-15, -0.7642326895291874, -0.6449406145181, 0.0], [0.991023263503306, -0.08622180947478508, 0.10216991125644952, 0.0], [-0.13368953285600527, -0.6391511525655651, 0.7573723740531159, 0.0], [1.2690878072507397, 0.2724876155916317, 1.4767821314760528, 1.0]], "at_element": 14, "to_element": 0}, {"pose": [[0.0, -0.018571330876113585, -0.9998275379631679, 0.0], [0.0, 0.9998275379631679, -0.018571330876113585, 0.0], [1.0, 0.0, 0.0, 0.0], [1.294415747619952, 0.30000000000000004, 1.5, 1.0]], "at_element": 0, "to_element": 18}, {"pose": [[0.0, 0.018571330876113585, 0.9998275379631679, 0.0], [-0.9979092697484654, -0.06461925947927577, 0.0012002726502250813, 0.0], [0.06463040577069627, -0.9977371682832308, 0.018532503232839694, 0.0], [1.294415747619952, 0.3006685678977832, 1.5359937906260388, 1.0]], "at_element": 18, "to_element": 0}, {"pose": [[6.167651820405187e-15, 0.987897230824578, -0.15510983633906159, 0.0], [-0.0, 0.15510983633906159, 0.987897230824578, 0.0], [1.0, 0.0, 0.0, 0.0], [1.1654451184303354, 0.30000000000000004, 1.5, 1.0]], "at_element": 0, "to_element": 21}, {"pose": [[-6.167651820405187e-15, -0.987897230824578, 0.15510983633906159, 0.0], [0.9783678597121529, 0.03208799704203286, 0.20436900823777465, 0.0], [-0.20687274127410094, 0.151754478599348, 0.9665268993374053, 0.0], [1.1654451184303352, 0.26443423579793374, 1.5055841839540856, 1.0]], "at_element": 21, "to_element": 0}, {"pose": [[0.23207836424401826, -0.9720385626629395, 0.035786387719174986, 0.0], [0.8557888053945167, 0.22153430696276855, 0.4674912527523393, 0.0], [-0.46234743798494954, -0.07786901524157121, 0.8832730399225719, 0.0], [1.1613317128896588, 0.33866070160565964, 1.4714042046504427, 1.0]], "at_element": 6, "to_element": 15}, {"pose": [[-0.23207836424401826, 0.9720385626629395, -0.035786387719174986, 0.0], [-0.7583803903140522, -0.15778325730229695, 0.6324267762375206, 0.0], [0.609096721742062, 0.17391226641971885, 0.7737930648124407, 0.0], [1.1529768982170683, 0.37365406288737335, 1.4701158956856277, 1.0]], "at_element": 15, "to_element": 6}, {"pose": [[-0.6356708526503796, -0.6617554998661588, 0.39749493768805355, 0.0], [0.6969506790621797, -0.2705636587238833, 0.6641197614381856, 0.0], [-0.33193722003642057, 0.6991959417608443, 0.6332003766420699, 0.0], [0.7864763590861208, 1.1668499954688552, 2.3335993390503087, 1.0]], "at_element": 3, "to_element": 7}, {"pose": [[0.6356708526503796, 0.6617554998661588, -0.39749493768805355, 0.0], [-0.5549093161381516, 0.7496694286427794, 0.36065412602866154, 0.0], [0.536654654273887, -0.008683671763664804, 0.8437572967926712, 0.0], [0.8093607655357993, 1.1906734597131352, 2.3192893613663923, 1.0]], "at_element": 7, "to_element": 3}, {"pose": [[-0.8416064057108649, -0.07759643690266133, 0.5344880268504155, 0.0], [0.40667411216640126, -0.7422708977883222, 0.5325880967409877, 0.0], [0.355407968903492, 0.665591997605537, 0.6562564044360751, 0.0], [0.8341259436631663, 1.1869890108656578, 2.425103873925398, 1.0]], "at_element": 4, "to_element": 7}, {"pose": [[0.8416064057108649, 0.07759643690266133, -0.5344880268504155, 0.0], [-0.06083124125495473, 0.9969470331089372, 0.04895072280027407, 0.0], [0.536654654273887, -0.008683671763664804, 0.8437572967926712, 0.0], [0.8644237385692894, 1.1897824793026488, 2.4058623276308277, 1.0]], "at_element": 7, "to_element": 4}, {"pose": [[-0.011797101144870183, -0.999926526124188, -0.002787607897731451, 0.0], [0.8437195093458209, -0.008457907419377162, -0.5367176663305698, 0.0], [0.536654654273887, -0.008683671763664804, 0.8437572967926712, 0.0], [0.8385616857207561, 1.1902009562063385, 2.3652006178567597, 1.0]], "at_element": 7, "to_element": 8}, {"pose": [[0.011797101144870183, 0.999926526124188, 0.002787607897731451, 0.0], [-0.9215434065780723, 0.011954265433526684, -0.38809128479061, 0.0], [-0.38809609402448153, 0.0020094504618378317, 0.9216167228906939, 0.0], [0.8389863809902408, 1.2261982796387916, 2.3653009716532396, 1.0]], "at_element": 8, "to_element": 7}, {"pose": [[0.0, 0.7020953089723914, -0.712082984713834, 0.0], [-0.0, 0.712082984713834, 0.7020953089723914, 0.0], [1.0, 0.0, 0.0, 0.0], [0.34700165481864825, 0.30000000000000004, 1.5, 1.0]], "at_element": 0, "to_element": 4}, {"pose": [[0.0, -0.7020953089723914, 0.712082984713834, 0.0], [0.9347112792942507, -0.2530799672878801, -0.24953026773854728, 0.0], [0.355407968903492, 0.665591997605537, 0.6562564044360751, 0.0], [0.34700165481864825, 0.27472463622458093, 1.5256349191440561, 1.0]], "at_element": 4, "to_element": 0}, {"pose": [[0.0, 0.9984467610236688, 0.055714140048509, 0.0], [0.0, -0.055714140048509, 0.9984467610236688, 0.0], [1.0, 0.0, 0.0, 0.0], [0.2868304012038122, 0.30000000000000004, 1.5, 1.0]], "at_element": 0, "to_element": 5}, {"pose": [[0.0, -0.9984467610236688, -0.055714140048509, 0.0], [0.9164797654404656, 0.0222901711609021, -0.3994596197462351, 0.0], [0.40008104121313853, -0.05106088200337392, 0.9150562533477646, 0.0], [0.2868304012038122, 0.26405544696882804, 1.4979942647522773, 1.0]], "at_element": 5, "to_element": 0}, {"pose": [[0.0, -0.027104213466720765, -0.9996326133196888, 0.0], [0.0, 0.9996326133196888, -0.027104213466720765, 0.0], [1.0, 0.0, 0.0, 0.0], [0.26188299596897324, 0.30000000000000004, 1.5, 1.0]], "at_element": 0, "to_element": 19}, {"pose": [[0.0, 0.027104213466720765, 0.9996326133196888, 0.0], [0.9975872548203459, 0.06939833071571794, -0.0018816784735607181, 0.0], [-0.06942383610840028, 0.9972207545504768, -0.027038817906330243, 0.0], [0.26188299596897324, 0.3009757435998678, 1.535986475898419, 1.0]], "at_element": 19, "to_element": 0}, {"pose": [[0.0, 0.9856783979876639, -0.16863598590002168, 0.0], [-0.0, 0.16863598590002168, 0.9856783979876639, 0.0], [1.0, 0.0, 0.0, 0.0], [0.20064787241650428, 0.30000000000000004, 1.5, 1.0]], "at_element": 0, "to_element": 22}, {"pose": [[0.0, -0.9856783979876639, 0.16863598590002168, 0.0], [0.9913187352849995, -0.022172371443440003, -0.12959765050927105, 0.0], [0.13148066425504945, 0.16717201226594958, 0.9771214628908753, 0.0], [0.20064787241650428, 0.264514370273937, 1.5060711020616409, 1.0]], "at_element": 22, "to_element": 0}, {"pose": [[-0.9266214399648465, 0.1587172588064049, 0.34085413119757735, 0.0], [0.12271056448965406, -0.729243528926004, 0.6731611938326355, 0.0], [0.355407968903492, 0.665591997605537, 0.6562564044360751, 0.0], [0.30606783822365435, 0.19806563265429555, 1.4500511347360852, 1.0]], "at_element": 4, "to_element": 11}, {"pose": [[0.9266214399648465, -0.1587172588064049, -0.34085413119757735, 0.0], [0.34343782601024264, 0.7262797967612369, 0.5954562254958923, 0.0], [0.15304628928148095, -0.6688247069101407, 0.7274959414070525, 0.0], [0.33942611443743503, 0.19235182771647863, 1.4377804211882437, 1.0]], "at_element": 11, "to_element": 4}, {"pose": [[0.916046046888398, 0.05299324776822826, -0.3975567326446806, 0.0], [-0.028192205340307832, 0.9972885750975053, 0.06797571285420421, 0.0], [0.40008104121313853, -0.05106088200337392, 0.9150562533477646, 0.0], [0.2976604480134354, 0.26267324765100886, 1.522764501370201, 1.0]], "at_element": 5, "to_element": 19}, {"pose": [[-0.916046046888398, -0.05299324776822826, 0.3975567326446806, 0.0], [0.3950189501278804, 0.05236871570654446, 0.9171791246289429, 0.0], [-0.06942383610840028, 0.9972207545504768, -0.027038817906330243, 0.0], [0.26468232786175083, 0.26076546397783557, 1.5370767444509952, 1.0]], "at_element": 19, "to_element": 5}, {"pose": [[0.013894932291002738, -0.9858923489214749, 0.16680289923956773, 0.0], [0.7441690634222876, 0.12161656446463391, 0.6568270824905251, 0.0], [-0.6678467907400798, 0.11500298946513045, 0.7353604398607932, 0.0], [0.19264014466680313, 0.21820399429785164, 1.4488477770151873, 1.0]], "at_element": 16, "to_element": 22}, {"pose": [[-0.013894932291002738, 0.9858923489214749, -0.16680289923956773, 0.0], [-0.9912213505487458, 0.008354319424732191, 0.13194862471155258, 0.0], [0.13148066425504945, 0.16717201226594958, 0.9771214628908753, 0.0], [0.19213991651647566, 0.25369687010281883, 1.4428427455397985, 1.0]], "at_element": 22, "to_element": 16}, {"pose": [[0.009574609956508764, -0.9711143737591795, -0.23842231422938845, 0.0], [0.7901211451032544, -0.13878944123293216, 0.5970310436342257, 0.0], [-0.6128759278229998, -0.19409885131181961, 0.765969146254945, 0.0], [1.483776372678741, 1.4509968875929509, 0.040642186189433716, 1.0]], "at_element": 9, "to_element": 20}, {"pose": [[-0.009574609956508764, 0.9711143737591795, 0.23842231422938845, 0.0], [-0.978485841676265, 0.04004252656198831, -0.20239084392734688, 0.0], [-0.2060916895055983, -0.23523067220252047, 0.9498382737981653, 0.0], [1.4834316866648656, 1.485957010671447, 0.04922539088225841, 1.0]], "at_element": 20, "to_element": 9}, {"pose": [[0.9716263973055126, 0.065928502557567, 0.22714659717818086, 0.0], [-0.1951134358875719, 0.7662501136865343, 0.612202180992129, 0.0], [-0.13368953285600527, -0.6391511525655651, 0.7573723740531159, 0.0], [1.524967921746223, 1.4958150265307497, 0.02718076292940319, 1.0]], "at_element": 14, "to_element": 20}, {"pose": [[-0.9716263973055126, -0.065928502557567, -0.22714659717818086, 0.0], [0.116053261806116, -0.9697009659712973, -0.2149690140892258, 0.0], [-0.2060916895055983, -0.23523067220252047, 0.9498382737981653, 0.0], [1.4899891144985897, 1.4934415830040182, 0.019003425362530635, 1.0]], "at_element": 20, "to_element": 14}, {"pose": [[-0.5878428522842619, 0.5301435420167191, 0.6110553214531975, 0.0], [-0.47428191805201786, -0.8377645447107663, 0.27056834595802515, 0.0], [0.6553605444541221, -0.13076082166891492, 0.7439113954559825, 0.0], [0.02294933671832644, 1.501986361897481, 0.05601756321924145, 1.0]], "at_element": 10, "to_element": 11}, {"pose": [[0.5878428522842619, -0.5301435420167191, -0.6110553214531975, 0.0], [0.7943661714571391, 0.5211730387160605, 0.3120273214960429, 0.0], [0.15304628928148095, -0.6688247069101407, 0.7274959414070525, 0.0], [0.04411130026891752, 1.4829015363031162, 0.034019965749545245, 1.0]], "at_element": 11, "to_element": 10}, {"pose": [[-0.05613023977472287, 0.9737459496567993, 0.22060875256845547, 0.0], [-0.753227689982006, -0.18633419719270067, 0.6308150394536601, 0.0], [0.6553605444541221, -0.13076082166891492, 0.7439113954559825, 0.0], [-0.007828205530713173, 1.508127251439109, 0.021081428297876403, 1.0]], "at_element": 10, "to_element": 23}, {"pose": [[0.05613023977472287, -0.9737459496567993, -0.22060875256845547, 0.0], [0.9816353337890813, 0.09417146384751615, -0.165903004353793, 0.0], [0.18232242769234627, -0.20724517105060394, 0.9611492971628159, 0.0], [-0.005807519593394761, 1.473072443996823, 0.013139523795890229, 1.0]], "at_element": 23, "to_element": 10}, {"pose": [[-0.9899274969191963, 0.07434382903455475, 0.1204846294253968, 0.0], [0.01753815669522269, -0.7800779438084217, 0.6254364992893829, 0.0], [0.14048474615782558, 0.6212498665336721, 0.7709167525932135, 0.0], [-0.03423696788228914, 0.013856181432165937, 0.029666413229337385, 1.0]], "at_element": 12, "to_element": 22}, {"pose": [[0.9899274969191963, -0.07434382903455475, -0.1204846294253968, 0.0], [0.052501293034992444, 0.9831208030549623, -0.17526294768210374, 0.0], [0.13148066425504945, 0.16717201226594958, 0.9771214628908753, 0.0], [0.0014004226680758292, 0.011179803537260113, 0.025328966489539084, 1.0]], "at_element": 22, "to_element": 12}, {"pose": [[-0.08093602295053591, 0.9841979599362642, -0.15749201835726864, 0.0], [-0.7889553496567622, 0.03330013882932775, 0.6135475181287299, 0.0], [0.609096721742062, 0.17391226641971885, 0.7737930648124407, 0.0], [-0.00414279399262385, 0.043267605354780914, 0.00011751771219614682, 1.0]], "at_element": 15, "to_element": 22}, {"pose": [[0.08093602295053591, -0.9841979599362642, 0.15749201835726864, 0.0], [0.9880092080117481, 0.05837716995751498, -0.14293323935232874, 0.0], [0.13148066425504945, 0.16717201226594958, 0.9771214628908753, 0.0], [-0.0012290974130839682, 0.007836481796745565, 0.005787229893048584, 1.0]], "at_element": 22, "to_element": 15}, {"pose": [[-0.5728950185405856, 0.5512992109236701, -0.606515026826476, 0.0], [-0.7941603740374639, -0.5564010660830823, 0.24439139504140744, 0.0], [-0.20273282427879774, 0.6216808133572634, 0.7565793866233693, 0.0], [1.441529373652908, 0.019440929143720198, 0.029162885894764123, 1.0]], "at_element": 13, "to_element": 16}, {"pose": [[0.5728950185405856, -0.5512992109236701, 0.606515026826476, 0.0], [0.47515467148030677, 0.8263434470297577, 0.3022987689710627, 0.0], [-0.6678467907400798, 0.11500298946513045, 0.7353604398607932, 0.0], [1.4621535260585934, -0.00040577676094699644, 0.05099735459283927, 1.0]], "at_element": 16, "to_element": 13}, {"pose": [[0.0008825296394066096, -0.9878678841625802, 0.1552941228172611, 0.0], [0.7442982501924963, 0.10436165892812786, 0.6596429025663487, 0.0], [-0.6678467907400798, 0.11500298946513045, 0.7353604398607932, 0.0], [1.4828982177400953, -0.003978005589450273, 0.02815555043775575, 1.0]], "at_element": 16, "to_element": 21}, {"pose": [[-0.0008825296394066096, 0.9878678841625802, -0.1552941228172611, 0.0], [-0.9783674616723382, -0.032979109526912735, -0.20422900938808233, 0.0], [-0.20687274127410094, 0.151754478599348, 0.9665268993374053, 0.0], [1.482866446663294, 0.03158524919084349, 0.02256496029491073, 1.0]], "at_element": 21, "to_element": 16}]}